		  3   34   459.59  10082.8831  10082.8793   5.5  1  1
		  3   34   470.63  10083.8068  10083.7854   5.5  1  0
		  3   34   534.57  10089.1437  10089.1351   5.5  1  0
		  3   34   883.86  10117.9712  10117.9901   5.5  1  0
		  3   34  1075.93  10133.5811  10133.5662   5.5  1  0
		  3   34  1172.99  10141.4029   10141.397   5.5  1  1
		  3   34  1208.69  10144.2689  10144.2649   5.5  1  1
		  3   34  1596.84  10175.0255  10175.0079   5.5  1  0
		  3   34  1641.84  10178.5437  10178.5192   5.5  1  0
		  4   35   332.73  9784.50109   9784.5028   5.5  1  1
		  4   35   394.26  9789.52771   9789.5111   5.5  1  0
		  4   35   476.28  9796.20385   9796.2002   5.5  1  1
		  4   35   680.55   9812.7005   9812.6976   5.5  1  1
		  4   35   761.22  9819.16453   9819.1781   5.5  1  0
		  4   35   852.60  9826.45137   9826.4497   5.5  1  1
		  4   35   940.55  9833.42806   9833.4232   5.5  1  0
		  4   35   988.03  9837.18066   9837.1669   5.5  1  0
		  4   35  1225.09  9855.75835   9855.7421   5.5  1  0
		  4   35  1381.76  9867.89302   9867.8902   5.5  1  1
		  4   35  1458.87  9873.82266   9873.8151   5.5  1  0
		  4   35  1520.43  9878.53611   9878.5208   5.5  1  0
		  4   35  1751.40  9896.05831   9896.0483   5.5  1  0
		  4   35  1889.24  9906.39114   9906.3907   5.5  1  1
		  4   35  1967.31  9912.20164   9912.1996   5.5  1  1
		  5   36   117.20  9495.50319  9495.50044   5.5  1  1
		  5   36   138.23  9497.19475  9497.19152   5.5  1  1
		  5   36   240.48  9505.39351  9505.37191   5.5  1  0
		  5   36   952.53   9561.2448  9561.24113   5.5  1  1
		  5   36  1908.15  9632.63471  9632.64737   5.5  1  0
		  6   37   469.00  9266.20419   9266.2072   5.5  1  1
		  6   37   600.48  9276.27397  9276.27463   5.5  1  1
		  6   37   775.48  9289.56323  9289.56488   5.5  1  1
		  6   37   801.53  9291.53035  9291.53446   5.5  1  1
		  6   37  1019.76   9307.8951  9307.89861   5.5  1  1
		  6   37  1465.78  9340.69335  9340.70467   5.5  1  0
		  6   37  1653.43  9354.22738  9354.21727   5.5  1  0
		  7   38   391.58  9016.58893  9016.58923   5.5  1  1
		  7   38   404.89   9017.5891  9017.59481   5.5  1  0
		  7   38   706.75  9040.07415  9040.06594   5.5  1  0
		  7   38   817.73  9048.24578  9048.24982   5.5  1  1
		  7   38  1014.01  9062.57348  9062.56189   5.5  1  0
		  7   38  1033.11  9063.95885   9063.9586   5.5  1  1
		  7   38  1191.59  9075.39569  9075.39825   5.5  1  1
		  7   38  1407.53   9090.8051  9090.81937   5.5  1  0
		  7   38  1464.47  9094.83485  9094.83187   5.5  1  1
		  7   38  1867.95  9122.97979  9122.96613   5.5  1  0
		  8   39    23.94  8758.23912  8758.24142   5.5  1  1
		  8   39    70.15  8761.68653  8761.68807   5.5  1  1
		  8   39   138.10  8766.73941  8766.74271   5.5  1  1
		  8   39   207.22  8771.86141  8771.86105   5.5  1  1
		  8   39   219.92  8772.80062  8772.79392   5.5  1  0
		  8   39   257.41  8775.56823   8775.5712   5.5  1  1
		  8   39   379.56  8784.54972  8784.54554   5.5  1  1
		  8   39   579.01  8799.08709  8799.08923   5.5  1  1
		  8   39  1169.40  8841.17773  8841.18314   5.5  1  0
		  8   39  1181.99  8842.05934  8842.07056   5.5  1  0
		  8   39  1294.38  8849.90325  8849.91144   5.5  1  0
		  8   39  1568.72  8868.82621  8868.83358   5.5  1  0
		  8   39  1925.79  8892.97194  8892.98159   5.5  1  0
		  9   40    30.48   8539.7914    8539.792   5.5  1  1
		  9   40   239.75  8554.94192  8554.94195   5.5  1  1
		  9   40   493.86   8573.1121  8573.11869   5.5  1  0
		  9   40   959.77  8605.77151   8605.7764   5.5  1  1
		  9   40  1173.36  8620.45508  8620.46163   5.5  1  0
		  9   40  1453.43  8639.42742  8639.43962   5.5  1  0
		  9   40  1541.06   8645.2968    8645.308   5.5  1  0
		  9   40  1846.24  8665.48845  8665.48488   5.5  1  1
		  9   40  1883.68  8667.93841  8667.94386   5.5  1  0
		 10   41    15.17  8330.44637  8330.44762   5.5  1  1
		 10   41   794.82  8384.72308  8384.72476   5.5  1  1
		 10   41  1050.36  8402.00611  8401.98907   5.5  1  0
		 10   41  1077.34  8403.81644  8403.80056   5.5  1  0
		 10   41  1143.00  8408.20864  8408.19936   5.5  1  0
		 10   41  1198.09  8411.88074  8411.89995   5.5  1  0
		 10   41  1271.03   8416.7246  8416.72734   5.5  1  1
		 10   41  1290.22  8417.99561  8417.99749   5.5  1  1
		 10   41  1339.05  8421.22237  8421.22566   5.5  1  1
		 10   41  1391.03  8424.64708  8424.62916   5.5  1  0
		 10   41  1710.91  8445.48256   8445.4857   5.5  1  1
		 10   41  1726.61  8446.49433  8446.50974   5.5  1  0
		 10   41  1882.41  8456.48132  8456.48348   5.5  1  1
		 10   41  2004.48  8464.23536  8464.23685   5.5  1  1
		 11   42   106.63  8138.46218  8138.45512   5.5  1  0
		 11   42   174.37  8143.13232  8143.12447   5.5  1  0
		 11   42   417.00  8159.72113  8159.72579   5.5  1  1
		 11   42   565.61   8169.7744  8169.78545   5.5  1  0
		 11   42   821.75  8186.90807  8186.90997   5.5  1  1
		 11   42  1505.11  8231.39339  8231.40608   5.5  1  0
		 11   42  1837.74  8252.38554   8252.3932   5.5  1  0
		 11   42  1875.70  8254.75302  8254.74043   5.5  1  0
		 11   42  1952.19  8259.50593   8259.5106   5.5  1  1
		 11   42  2033.28  8264.51916  8264.51084   5.5  1  0
		 12   43    91.10  7948.17446  7948.16952   5.5  1  1
		 12   43   456.37  7972.59751  7972.59469   5.5  1  1
		 12   43   552.87  7978.96951  7978.97178   5.5  1  1
		 12   43   690.10  7987.97243  7987.97377   5.5  1  1
		 12   43   777.50  7993.67003  7993.67897   5.5  1  0
		 12   43   970.50  8006.15258  8006.15066   5.5  1  1
		 12   43  1105.10  8014.77497  8014.78272   5.5  1  0
		 12   43  1221.88  8022.20157  8022.20821   5.5  1  0
		 12   43  1254.37  8024.25825  8024.25334   5.5  1  1
		 12   43  1348.53   8030.1969    8030.199   5.5  1  1
		 12   43  1384.37  8032.44798  8032.43517   5.5  1  0
		 12   43  1460.55  8037.21739  8037.22179   5.5  1  1
		 12   43  1603.62  8046.11412  8046.11798   5.5  1  1
		 12   43  1720.27  8053.30979  8053.30881   5.5  1  1
		 12   43  1872.70  8062.63201  8062.62858   5.5  1  1
		 13   44   315.87  7782.30324  7782.30221   5.5  1  1
		 13   44   417.83  7788.93245  7788.93215   5.5  1  1
		 13   44   813.74  7814.32425  7814.31631   5.5  1  0
		 13   44   868.10  7817.76681  7817.76829   5.5  1  1
		 13   44  1228.53  7840.31898  7840.30431   5.5  1  0
		 13   44  1252.28   7841.7881   7841.7902   5.5  1  1
		 13   44  1259.95  7842.26239  7842.26577   5.5  1  1
		 13   44  1345.54  7847.53744  7847.53805   5.5  1  1
		 13   44  1360.76  7848.47244  7848.45556   5.5  1  0
		 13   44  1580.84  7861.89874  7861.91474   5.5  1  0
		 13   44  1616.01  7864.02686  7864.02084   5.5  1  0
		 13   44  1648.11  7865.96607  7865.96753   5.5  1  1
		 13   44  1685.10  7868.19525  7868.19662   5.5  1  1
		 13   44  1988.51   7886.2841  7886.28177   5.5  1  1
		 14   45   141.33  7598.20803  7598.19133   5.5  1  0
		 14   45   291.42  7607.82806  7607.81417   5.5  1  0
		 14   45   456.90  7618.34498  7618.33739   5.5  1  0
		 14   45   573.59   7625.7036  7625.70435   5.5  1  1
		 14   45   624.23  7628.88249  7628.88264   5.5  1  1
		 14   45   646.99  7630.30848  7630.30957   5.5  1  1
		 14   45   921.76  7647.37739   7647.3782   5.5  1  1
		 14   45  1002.12  7652.31936  7652.31691   5.5  1  1
		 14   45  1026.76  7653.82957   7653.8265   5.5  1  1
		 14   45  1041.20  7654.71405  7654.69804   5.5  1  0
		 14   45  1142.37  7660.88814  7660.88562   5.5  1  1
		 14   45  1293.91   7670.0667  7670.05996   5.5  1  0
		 14   45  1396.34  7676.22385  7676.21805   5.5  1  0
		 14   45  1428.13  7678.12689  7678.12619   5.5  1  1
		 14   45  1548.56  7685.30318  7685.30561   5.5  1  1
		 14   45  1690.54  7693.69482  7693.70909   5.5  1  0
		 14   45  1794.61   7699.7985  7699.78372   5.5  1  0
		 14   45  1880.68  7704.81602  7704.81806   5.5  1  1
		 14   45  1974.75  7710.26797   7710.2681   5.5  1  1
		 14   45  2038.35  7713.93534  7713.93678   5.5  1  1
		 15   46    18.45  7425.29164  7425.29315   5.5  1  1
		 15   46    76.14  7428.94125  7428.93895   5.5  1  1
		 15   46    96.82  7430.24666  7430.25331   5.5  1  0
		 15   46   178.15  7435.36812  7435.36906   5.5  1  1
		 15   46   192.86  7436.29179  7436.29816   5.5  1  0
		 15   46   327.99  7444.74487  7444.73883   5.5  1  0
		 15   46   756.73  7471.15729  7471.16233   5.5  1  1
		 15   46   925.01  7481.35098  7481.35258   5.5  1  1
		 15   46   962.78   7483.6256  7483.61823   5.5  1  0
		 15   46   974.48  7484.32909  7484.32757   5.5  1  1
		 15   46  1035.31  7487.97957  7487.97285   5.5  1  0
		 15   46  1248.27  7500.65621  7500.65736   5.5  1  1
		 15   46  1302.90  7503.88192  7503.86889   5.5  1  0
		 15   46  1381.58  7508.50972  7508.48582   5.5  1  0
		 15   46  1413.96  7510.40762  7510.41083   5.5  1  1
		 15   46  1430.10  7511.35269  7511.34918   5.5  1  1
		 15   46  1437.61  7511.79156  7511.79109   5.5  1  1
		 15   46  1486.47  7514.64472  7514.64648   5.5  1  1
		 15   46  1632.63   7523.1272   7523.1335   5.5  1  0
		 15   46  1673.80  7525.50302  7525.50449   5.5  1  1
		 15   46  1771.94  7531.14098   7531.1407   5.5  1  1
		 16   47    72.33  7270.66418  7270.66199   5.5  1  1
		 16   47   109.08  7272.93449  7272.93621   5.5  1  1
		 16   47   303.92  7284.89891  7284.90131   5.5  1  1
		 16   47   312.83   7285.4428  7285.44659   5.5  1  1
		 16   47   748.28  7311.71542   7311.7172   5.5  1  1
		 16   47   820.43  7316.00737  7316.00613   5.5  1  1
		 16   47   969.26  7324.80472  7324.80657   5.5  1  1
		 16   47  1028.52   7328.2866  7328.28361   5.5  1  1
		 16   47  1249.33  7341.15313  7341.15102   5.5  1  1
		 16   47  1416.98  7350.80937  7350.81673   5.5  1  0
		 16   47  1460.30  7353.28876  7353.29306   5.5  1  1
		 16   47  1793.16  7372.11779  7372.11899   5.5  1  1
		 16   47  1878.42  7376.87812  7376.87597   5.5  1  1
		 16   47  1942.27  7380.42579  7380.42486   5.5  1  1
		 16   47  2006.51  7383.98033  7383.98007   5.5  1  1
		 16   47  2034.03  7385.49871   7385.4988   5.5  1  1
		 17   48   160.85  7124.55974  7124.55894   5.5  1  1
		 17   48   181.73  7125.81789   7125.8219   5.5  1  1
		 17   48   458.04  7142.33099  7142.33139   5.5  1  1
		 17   48   537.62  7147.04109  7147.04243   5.5  1  1
		 17   48   563.30  7148.55684  7148.55867   5.5  1  1
		 17   48   592.60  7150.28341  7150.28452   5.5  1  1
		 17   48   705.88  7156.93214  7156.93525   5.5  1  1
		 17   48   738.56  7158.84219  7158.83995   5.5  1  1
		 17   48   757.37  7159.94021  7159.93729   5.5  1  1
		 17   48   802.32   7162.5591  7162.55991   5.5  1  1
		 17   48   911.54  7168.89477  7168.89453   5.5  1  1
		 17   48   989.23  7173.37681  7173.37091   5.5  1  0
		 17   48  1047.64  7176.73371  7176.72263   5.5  1  0
		 17   48  1458.99  7200.04497  7200.04543   5.5  1  1
		 17   48  1574.33  7206.47792  7206.48347   5.5  1  0
		 17   48  1583.38  7206.98038   7206.9823   5.5  1  1
		 17   48  1601.77  7208.00156  7208.00456   5.5  1  1
		 17   48  1686.51  7212.69018  7212.68817   5.5  1  1
		 17   48  1783.90  7218.04854  7218.05109   5.5  1  1
		 17   48  1804.04  7219.15267  7219.14938   5.5  1  1
		 17   48  2019.06  7230.85084  7230.85929   5.5  1  0
		 18   49   339.11  6989.65529  6989.65517   5.5  1  1
		 18   49   382.94   6992.2158  6992.20887   5.5  1  0
		 18   49   396.97  6993.03403  6993.02748   5.5  1  0
		 18   49   530.73  7000.80441  7000.80384   5.5  1  1
		 18   49   566.75  7002.88713  7002.88334   5.5  1  1
		 18   49   840.30  7018.56767  7018.56696   5.5  1  1
		 18   49  1046.96   7030.2521  7030.25248   5.5  1  1
		 18   49  1154.59  7036.28217  7036.28056   5.5  1  1
		 18   49  1325.82  7045.79573  7045.79659   5.5  1  1
		 18   49  1467.98  7053.61973  7053.61867   5.5  1  1
		 18   49  1482.94  7054.43945  7054.42986   5.5  1  0
		 18   49  1557.06  7058.48794  7058.48837   5.5  1  1
		 18   49  1585.58  7060.04091  7060.04077   5.5  1  1
		 18   49  1596.81  7060.65181   7060.6532   5.5  1  1
		 18   49  1610.45  7061.39305  7061.39273   5.5  1  1
		 18   49  1666.88  7064.45273  7064.45018   5.5  1  1
		 18   49  1718.03  7067.21724  7067.21482   5.5  1  1
		 18   49  1746.21  7068.73627  7068.73683   5.5  1  1
		 18   49  1814.26  7072.39346  7072.39289   5.5  1  1
		 18   49  1869.12   7075.3305  7075.33176   5.5  1  1
		 18   49  2035.52  7084.17621  7084.16842   5.5  1  0
		 19   50    80.01  6834.92596   6834.9238   5.5  1  1
		 19   50   413.05  6854.11003  6854.10972   5.5  1  1
		 19   50   538.90  6861.27031  6861.27018   5.5  1  1
		 19   50   578.88  6863.53444  6863.53598   5.5  1  1
		 19   50   628.97  6866.36414  6866.36215   5.5  1  1
		 19   50   636.04  6866.76298  6866.76329   5.5  1  1
		 19   50   665.97  6868.44959  6868.45137   5.5  1  1
		 19   50   716.49  6871.28965  6871.29027   5.5  1  1
		 19   50   778.27  6874.75135  6874.75253   5.5  1  1
		 19   50   864.86  6879.58344  6879.58367   5.5  1  1
		 19   50   987.94  6886.41035  6886.40775   5.5  1  1
		 19   50  1000.27    6887.092  6887.08903   5.5  1  1
		 19   50  1019.86  6888.17307  6888.17461   5.5  1  1
		 19   50  1040.39  6889.30499  6889.30231   5.5  1  1
		 19   50  1417.31  6909.84273   6909.8484   5.5  1  0
		 19   50  1443.00  6911.22557  6911.22682   5.5  1  1
		 19   50  1534.59   6916.1382   6916.1276   5.5  1  0
		 19   50  1701.32  6925.01006  6925.01202   5.5  1  1
		 19   50  1942.26  6937.66712   6937.6652   5.5  1  1
		 19   50  2035.90   6942.5347  6942.53635   5.5  1  1
		 20   51    23.70  6697.71121  6697.71165   5.5  1  1
		 20   51   262.18  6711.25348  6711.25077   5.5  1  1
		 20   51   310.41  6713.97125  6713.96925   5.5  1  1
		 20   51   403.78   6719.2136  6719.20842   5.5  1  1
		 20   51   551.57  6727.45652  6727.45692   5.5  1  1
		 20   51   563.49  6728.11847  6728.11878   5.5  1  1
		 20   51   665.27  6733.75269  6733.74893   5.5  1  1
		 20   51  1014.43  6752.83589  6752.83453   5.5  1  1
		 20   51  1029.71  6753.66176  6753.65887   5.5  1  1
		 20   51  1081.61   6756.4635  6756.45413   5.5  1  0
		 20   51  1093.58  6757.10808   6757.1084   5.5  1  1
		 20   51  1113.97  6758.20573  6758.20311   5.5  1  1
		 20   51  1271.01   6766.6134  6766.61445   5.5  1  1
		 20   51  1375.96  6772.18787  6772.18758   5.5  1  1
		 20   51  1492.04  6778.31293  6778.31194   5.5  1  1
		 20   51  1526.49  6780.12227   6780.1249   5.5  1  1
		 20   51  1532.04  6780.41341  6780.41222   5.5  1  1
		 20   51  1672.26   6787.7353  6787.73546   5.5  1  1
		 20   51  1693.56  6788.84226  6788.83897   5.5  1  1
		 20   51  1739.70  6791.23434  6791.23392   5.5  1  1
		 21   52   172.25  6577.21684  6577.21371   5.5  1  1
		 21   52   180.05  6577.65061  6577.65272   5.5  1  1
		 21   52   292.90  6583.90532  6583.90583   5.5  1  1
		 21   52   376.94  6588.53868  6588.53872   5.5  1  1
		 21   52   430.59  6591.48504   6591.4833   5.5  1  1
		 21   52   466.71  6593.46419   6593.4631   5.5  1  1
		 21   52   475.43  6593.94154  6593.93918   5.5  1  1
		 21   52   577.15  6599.49132  6599.48251   5.5  1  0
		 21   52   675.98  6604.85368  6604.85513   5.5  1  1
		 21   52   686.36  6605.41528  6605.41664   5.5  1  1
		 21   52   834.42  6613.38788  6613.38169   5.5  1  0
		 21   52   923.73  6618.16486  6618.16486   5.5  1  1
		 21   52   957.17   6619.9472  6619.94388   5.5  1  1
		 21   52  1186.65  6632.08362  6632.08648   5.5  1  1
		 21   52  1303.94   6638.2231  6638.22298   5.5  1  1
		 21   52  1317.16  6638.91251  6638.91179   5.5  1  1
		 21   52  1333.10  6639.74268  6639.74143   5.5  1  1
		 21   52  1409.24  6643.69806  6643.70019   5.5  1  1
		 21   52  1427.88   6644.6636  6644.66317   5.5  1  1
		 21   52  1464.21  6646.54246  6646.54026   5.5  1  1
		 21   52  1501.88  6648.48589  6648.49457   5.5  1  0
		 21   52  1511.03  6648.95733  6648.95744   5.5  1  1
		 21   52  1616.45  6654.36966  6654.36651   5.5  1  1
		 21   52  1700.86  6658.67764  6658.67582   5.5  1  1
		 21   52  1740.18  6660.67663  6660.67681   5.5  1  1
		 21   52  1771.56  6662.26866  6662.26723   5.5  1  1
		 21   52  1806.74  6664.04958  6664.05185   5.5  1  1
		 21   52  1852.50  6666.36039  6666.35982   5.5  1  1
		 21   52  1901.46   6668.8251  6668.81741   5.5  1  0
		 21   52  1996.90  6673.60739   6673.5817   5.5  1  0
		 21   52  2018.76   6674.6992  6674.69727   5.5  1  1
		 22   53    55.97  6446.76903  6446.77133   5.5  1  1
		 22   53   248.45  6457.28219  6457.28144   5.5  1  1
		 22   53   729.46  6483.08392   6483.0832   5.5  1  1
		 22   53   874.64  6490.73677  6490.73704   5.5  1  1
		 22   53   921.46  6493.19087  6493.19749   5.5  1  0
		 22   53  1090.39  6501.99116  6501.99214   5.5  1  1
		 22   53  1119.78  6503.51315   6503.5107   5.5  1  1
		 22   53  1187.08  6506.98852  6506.98714   5.5  1  1
		 22   53  1213.55  6508.35177   6508.3604   5.5  1  0
		 22   53  1227.22  6509.05465   6509.0515   5.5  1  1
		 22   53  1291.70  6512.36355  6512.36386   5.5  1  1
		 22   53  1481.78  6522.04312  6522.04265   5.5  1  1
		 22   53  1666.49  6531.34134  6531.34069   5.5  1  1
		 22   53  1802.07  6538.09845    6538.103   5.5  1  1
		 23   54    36.83  6326.36595  6326.36631   5.5  1  1
		 23   54    53.72  6327.27611  6327.27676   5.5  1  1
		 23   54   246.73  6337.62438  6337.62094   5.5  1  1
		 23   54   285.07  6339.66752  6339.66814   5.5  1  1
		 23   54   345.13  6342.86011  6342.85884   5.5  1  1
		 23   54   456.22   6348.7373  6348.73711   5.5  1  1
		 23   54   587.35  6355.62908  6355.63063   5.5  1  1
		 23   54   592.78  6355.91353   6355.9106   5.5  1  1
		 23   54   765.19  6364.89541  6364.88931   5.5  1  0
		 23   54   846.98  6369.12637  6369.13373   5.5  1  0
		 23   54   855.71   6369.5765  6369.57728   5.5  1  1
		 23   54   901.66  6371.94329  6371.94376   5.5  1  1
		 23   54   998.86  6376.92938   6376.9296   5.5  1  1
		 23   54  1052.62  6379.67498  6379.67332   5.5  1  1
		 23   54  1152.25  6384.74034  6384.71862   5.5  1  0
		 23   54  1204.74  6387.39686  6387.39657   5.5  1  1
		 23   54  1232.79  6388.81339  6388.81349   5.5  1  1
		 23   54  1244.26  6389.39138  6389.39022   5.5  1  1
		 23   54  1336.87  6394.04754  6394.04855   5.5  1  1
		 23   54  1440.14  6399.20836  6399.20918   5.5  1  1
		 23   54  1470.15  6400.70195   6400.7001   5.5  1  1
		 23   54  1586.01  6406.44276   6406.4453   5.5  1  1
		 23   54  1696.84  6411.89641  6411.89776   5.5  1  1
		 23   54  1731.93  6413.61519  6413.61336   5.5  1  1
		 23   54  1787.05  6416.30706  6416.30827   5.5  1  1
		 24   55   123.63   6215.9387  6215.94022   5.5  1  1
		 24   55   200.74  6219.99579  6220.01159   5.5  1  0
		 24   55   287.26  6224.52769  6224.52658   5.5  1  1
		 24   55   322.54  6226.37008  6226.36959   5.5  1  1
		 24   55   485.92  6234.85512  6234.85468   5.5  1  1
		 24   55   604.25  6240.95378  6240.95247   5.5  1  1
		 24   55   646.48  6243.12017  6243.12129   5.5  1  1
		 24   55   927.79  6257.42221  6257.42342   5.5  1  1
		 24   55   951.33  6258.60878  6258.60455   5.5  1  1
		 24   55  1007.24  6261.41995  6261.41715   5.5  1  1
		 24   55  1102.10  6266.16842  6266.17281   5.5  1  1
		 24   55  1210.17  6271.54623  6271.54485   5.5  1  1
		 24   55  1262.08  6274.11666   6274.1167   5.5  1  1
		 24   55  1303.55  6276.16496  6276.16339   5.5  1  1
		 24   55  1325.42  6277.24248  6277.23959   5.5  1  1
		 24   55  1364.53  6279.16674  6279.16383   5.5  1  1
		 24   55  1380.96  6279.97396  6279.95815   5.5  1  0
		 24   55  1489.40  6285.27972  6285.27663   5.5  1  1
		 24   55  1529.98  6287.25609  6287.25504   5.5  1  1
		 24   55  1611.03  6291.18927  6291.19032   5.5  1  1
		 24   55  1646.18  6292.88851  6292.89014   5.5  1  1
		 24   55  1653.49   6293.2414  6293.24105   5.5  1  1
		 24   55  1728.87  6296.87207  6296.87351   5.5  1  1
		 24   55  1813.39  6300.92213  6300.91548   5.5  1  0
		 24   55  1862.23  6303.25274  6303.24983   5.5  1  1
		 24   55  1954.97  6307.65884   6307.6607   5.5  1  1
		 24   55  2021.67  6310.81137  6310.81016   5.5  1  1
		 25   56     5.29  6098.80541  6098.80757   5.5  1  1
		 25   56    10.67  6099.08551  6099.08327   5.5  1  1
		 25   56    61.42  6101.72487  6101.72476   5.5  1  1
		 25   56   136.87  6105.63622  6105.63759   5.5  1  1
		 25   56   173.57  6107.53352  6107.53309   5.5  1  1
		 25   56   276.55  6112.83677  6112.83657   5.5  1  1
		 25   56   309.72   6114.5392  6114.53839   5.5  1  1
		 25   56   317.25  6114.92533  6114.92457   5.5  1  1
		 25   56   341.52  6116.16813  6116.16586   5.5  1  1
		 25   56   410.24  6119.67885  6119.68735   5.5  1  0
		 25   56   427.41  6120.55421   6120.5561   5.5  1  1
		 25   56   504.66  6124.48138  6124.48113   5.5  1  1
		 25   56   786.25  6138.65575  6138.65313   5.5  1  1
		 25   56   922.69  6145.44286  6145.44387   5.5  1  1
		 25   56  1028.84  6150.68595  6150.68244   5.5  1  1
		 25   56  1055.41  6151.99358  6151.99255   5.5  1  1
		 25   56  1097.66  6154.06785  6154.06864   5.5  1  1
		 25   56  1106.58  6154.50516  6154.51618   5.5  1  0
		 25   56  1121.58  6155.24032  6155.24347   5.5  1  1
		 25   56  1128.36   6155.5722  6155.58023   5.5  1  0
		 25   56  1159.27  6157.08402  6157.08734   5.5  1  1
		 25   56  1246.79  6161.34953  6161.35072   5.5  1  1
		 25   56  1264.02  6162.18656  6162.17075   5.5  1  0
		 25   56  1311.32  6164.48014  6164.47948   5.5  1  1
		 25   56  1421.98  6169.82008   6169.8227   5.5  1  1
		 25   56  1429.46  6170.17974  6170.17949   5.5  1  1
		 25   56  1473.17  6172.27836  6172.27964   5.5  1  1
		 25   56  1490.27  6173.09782   6173.1004   5.5  1  1
		 25   56  1602.02  6178.43178  6178.43005   5.5  1  1
		 25   56  1649.85  6180.70371  6180.70447   5.5  1  1
		 25   56  1690.33  6182.62093   6182.6206   5.5  1  1
		 25   56  1807.09  6188.12422    6188.124   5.5  1  1
		 25   56  1887.82  6191.90576  6191.90566   5.5  1  1
		 25   56  1929.62  6193.85622  6193.85553   5.5  1  1
		 25   56  2023.64  6198.22456  6198.22297   5.5  1  1
		 26   57    50.48  5994.12896  5994.12837   5.5  1  1
		 26   57   146.13  5999.00077  5999.00219   5.5  1  1
		 26   57   189.52  6001.20286  6001.20306   5.5  1  1
		 26   57   267.85  6005.16532  6005.16514   5.5  1  1
		 26   57   278.96  6005.72589   6005.7242   5.5  1  1
		 26   57   305.66  6007.07223  6007.07144   5.5  1  1
		 26   57   367.07  6010.16119  6010.16091   5.5  1  1
		 26   57   472.16  6015.42386  6015.42167   5.5  1  1
		 26   57   584.87  6021.03436  6021.03551   5.5  1  1
		 26   57   668.03  6025.15169  6025.15551   5.5  1  1
		 26   57   775.53  6030.44518  6030.44487   5.5  1  1
		 26   57   809.84   6032.1282  6032.12993   5.5  1  1
		 26   57   825.10  6032.87543  6032.86784   5.5  1  0
		 26   57   872.47  6035.19127  6035.19242   5.5  1  1
		 26   57   923.86  6037.69656   6037.6977   5.5  1  1
		 26   57   944.27   6038.6896  6038.68023   5.5  1  0
		 26   57  1024.69  6042.59019  6042.58974   5.5  1  1
		 26   57  1037.81  6043.22477  6043.22648   5.5  1  1
		 26   57  1063.13  6044.44855  6044.43617   5.5  1  0
		 26   57  1158.73  6049.05105  6049.05118   5.5  1  1
		 26   57  1199.04  6050.98415  6050.98221   5.5  1  1
		 26   57  1235.45  6052.72591   6052.7242   5.5  1  1
		 26   57  1249.21  6053.38328    6053.381   5.5  1  1
		 26   57  1295.47  6055.58914  6055.59209   5.5  1  1
		 26   57  1375.14  6059.37379  6059.37466   5.5  1  1
		 26   57  1420.91  6061.53973  6061.53539   5.5  1  1
		 26   57  1580.01  6069.02189  6069.02017   5.5  1  1
		 26   57  1667.46  6073.10298  6073.10168   5.5  1  1
		 26   57  1753.68  6077.10559   6077.1042   5.5  1  1
		 26   57  1770.26  6077.87258  6077.87264   5.5  1  1
		 26   57  1782.20  6078.42465  6078.42064   5.5  1  1
		 26   57  1799.48  6079.22243  6079.22189   5.5  1  1
		 26   57  1933.30  6085.37399  6085.37309   5.5  1  1
		 26   57  1974.53  6087.25869  6087.26165   5.5  1  1
		 26   57  1991.46  6088.03118  6088.03072   5.5  1  1
		 27   58     6.60  5888.58601  5888.58792   5.5  1  1
		 27   58    63.65   5891.4513  5891.45063   5.5  1  1
		 27   58   140.14  5895.27978  5895.28069   5.5  1  1
		 27   58   231.83  5899.84865  5899.84409   5.5  1  1
		 27   58   347.31  5905.57138  5905.57004   5.5  1  1
		 27   58   462.30  5911.23547   5911.2296   5.5  1  0
		 27   58   479.64  5912.08612  5912.08689   5.5  1  1
		 27   58   526.58  5914.38572  5914.38569   5.5  1  1
		 27   58   532.56  5914.67842  5914.67637   5.5  1  1
		 27   58   620.00  5918.94484   5918.9455   5.5  1  1
		 27   58   753.26  5925.40702   5925.4032   5.5  1  1
		 27   58   823.92  5928.81381  5928.81689   5.5  1  1
		 27   58   847.20  5929.93347  5929.93408   5.5  1  1
		 27   58   981.65    5936.369  5936.38328   5.5  1  0
		 27   58   998.43  5937.16868  5937.16137   5.5  1  0
		 27   58  1008.76  5937.66029  5937.66305   5.5  1  1
		 27   58  1025.53  5938.45846  5938.45759   5.5  1  1
		 27   58  1033.26   5938.8258  5938.82448   5.5  1  1
		 27   58  1156.20  5944.64905  5944.64751   5.5  1  1
		 27   58  1244.40  5948.79992  5948.79981   5.5  1  1
		 27   58  1389.12  5955.56393  5955.56266   5.5  1  1
		 27   58  1696.56  5969.73625  5969.73655   5.5  1  1
		 27   58  1737.46  5971.60129   5971.6008   5.5  1  1
		 27   58  1782.82  5973.66412  5973.66474   5.5  1  1
		 27   58  1813.69  5975.06488  5975.06461   5.5  1  1
		 28   59    23.96  5789.64566  5789.64463   5.5  1  1
		 28   59    80.42  5792.43059  5792.42989   5.5  1  1
		 28   59   154.39  5796.06734  5796.06717   5.5  1  1
		 28   59   203.58  5798.47785  5798.47716   5.5  1  1
		 28   59   251.68  5800.82888  5800.82882   5.5  1  1
		 28   59   277.38  5802.08266  5802.08209   5.5  1  1
		 28   59   319.64  5804.14062  5804.14072   5.5  1  1
		 28   59   502.09  5812.97233  5812.96678   5.5  1  0
		 28   59   552.98  5815.41995  5815.42149   5.5  1  1
		 28   59   876.71  5830.82856   5830.8269   5.5  1  1
		 28   59   909.44   5832.3704  5832.37019   5.5  1  1
		 28   59   949.72  5834.26396  5834.26411   5.5  1  1
		 28   59  1049.67   5838.9441  5838.94864   5.5  1  1
		 28   59  1086.01  5840.63915  5840.64004   5.5  1  1
		 28   59  1153.97  5843.79851   5843.8068   5.5  1  0
		 28   59  1199.74  5845.91932  5845.91892   5.5  1  1
		 28   59  1346.50  5852.68058  5852.68177   5.5  1  1
		 28   59  1363.82  5853.47463  5853.47526   5.5  1  1
		 28   59  1377.94  5854.12097  5854.12094   5.5  1  1
		 28   59  1513.69  5860.30993  5860.31183   5.5  1  1
		 28   59  1588.95  5863.71847  5863.71773   5.5  1  1
		 28   59  1692.40  5868.37847  5868.37289   5.5  1  0
		 28   59  1725.42  5869.85944  5869.85012   5.5  1  0
		 28   59  1740.82  5870.54905  5870.54867   5.5  1  1
		 28   59  1754.97   5871.1823  5871.18126   5.5  1  1
		 28   59  2012.92  5882.62597  5882.62588   5.5  1  1
		 29   60   184.19  5700.91014  5700.91517   5.5  1  1
		 29   60   313.17  5707.10305  5707.10256   5.5  1  1
		 29   60   524.75  5717.16967  5717.17111   5.5  1  1
		 29   60   576.63  5719.62028  5719.62213   5.5  1  1
		 29   60   588.54  5720.18199  5720.18247   5.5  1  1
		 29   60   679.52  5724.45995  5724.46185   5.5  1  1
		 29   60   699.32  5725.38795  5725.38828   5.5  1  1
		 29   60   862.35  5732.99004    5732.975   5.5  1  0
		 29   60   927.95  5736.02937  5736.02966   5.5  1  1
		 29   60  1003.63  5739.52072  5739.52153   5.5  1  1
		 29   60  1039.53  5741.17152  5741.16987   5.5  1  1
		 29   60  1053.85  5741.82908  5741.82853   5.5  1  1
		 29   60  1059.36  5742.08197  5742.08163   5.5  1  1
		 29   60  1205.15  5748.74288  5748.74125   5.5  1  1
		 29   60  1219.39  5749.39021  5749.38869   5.5  1  1
		 29   60  1228.11  5749.78648  5749.78382   5.5  1  1
		 29   60  1299.61  5753.02748  5753.02643   5.5  1  1
		 29   60  1466.77  5760.55005  5760.55006   5.5  1  1
		 29   60  1533.45  5763.52905  5763.52837   5.5  1  1
		 29   60  1629.04  5767.77892  5767.77833   5.5  1  1
		 29   60  1638.10  5768.18072  5768.18101   5.5  1  1
		 29   60  1719.19  5771.76381  5771.75872   5.5  1  1
		 29   60  1727.14  5772.11417  5772.11704   5.5  1  1
		 29   60  1769.00  5773.95596   5773.9483   5.5  1  0
		 29   60  1847.63  5777.40289  5777.39944   5.5  1  1
		 30   61    20.40  5599.66373   5599.6538   5.5  1  0
		 30   61    50.98  5601.12419   5601.1216   5.5  1  1
		 30   61    61.03  5601.60361  5601.60285   5.5  1  1
		 30   61    87.34  5602.85734  5602.84575   5.5  1  0
		 30   61   122.15  5604.51408  5604.51443   5.5  1  1
		 30   61   161.55  5606.38521  5606.38608   5.5  1  1
		 30   61   168.89   5606.7336  5606.73537   5.5  1  1
		 30   61   252.28   5610.6797  5610.68027   5.5  1  1
		 30   61   281.68  5612.06716  5612.06761   5.5  1  1
		 30   61   350.77  5615.31823  5615.31909   5.5  1  1
		 30   61   450.18  5619.97555  5619.98246   5.5  1  0
		 30   61   737.47  5633.29259  5633.29476   5.5  1  1
		 30   61   878.38  5639.74568  5639.74573   5.5  1  1
		 30   61   922.04  5641.73449  5641.73436   5.5  1  1
		 30   61  1005.81  5645.53668   5645.5277   5.5  1  0
		 30   61  1008.34  5645.65143  5645.66478   5.5  1  0
		 30   61  1013.49  5645.88414  5645.89043   5.5  1  0
		 30   61  1026.07  5646.45339  5646.45182   5.5  1  1
		 30   61  1075.60  5648.68992  5648.69478   5.5  1  1
		 30   61  1082.26  5648.99035  5648.98922   5.5  1  1
		 30   61  1120.37  5650.70617  5650.70626   5.5  1  1
		 30   61  1194.29  5654.02299   5654.0237   5.5  1  1
		 30   61  1281.69  5657.92598  5657.92557   5.5  1  1
		 30   61  1308.77  5659.13099  5659.13584   5.5  1  1
		 30   61  1396.96   5663.0421  5663.04243   5.5  1  1
		 30   61  1432.67  5664.61997  5664.62029   5.5  1  1
		 30   61  1445.38  5665.18068  5665.17978   5.5  1  1
		 30   61  1455.54  5665.62853   5665.6286   5.5  1  1
		 30   61  1489.63  5667.12948  5667.12822   5.5  1  1
		 30   61  1642.82  5673.83474  5673.83538   5.5  1  1
		 30   61  1669.47  5674.99475  5674.99096   5.5  1  1
		 30   61  1716.82  5677.05091  5677.05193   5.5  1  1
		 30   61  1829.08  5681.90193  5681.90698   5.5  1  1
		 30   61  1905.70  5685.19337  5685.19203   5.5  1  1
		 31   62    34.05  5509.99321  5509.99315   5.5  1  1
		 31   62   138.19  5514.87356  5514.87287   5.5  1  1
		 31   62   226.46  5518.99015  5518.99023   5.5  1  1
		 31   62   347.22  5524.59041   5524.5881   5.5  1  1
		 31   62   355.20  5524.95899  5524.95986   5.5  1  1
		 31   62   405.87  5527.29704  5527.29559   5.5  1  1
		 31   62   426.10  5528.22903  5528.22926   5.5  1  1
		 31   62   629.85  5537.55524  5537.55654   5.5  1  1
		 31   62   652.88   5538.6029  5538.60527   5.5  1  1
		 31   62   667.37   5539.2615  5539.26123   5.5  1  1
		 31   62   681.64  5539.90922  5539.90999   5.5  1  1
		 31   62   708.58  5541.13127  5541.14488   5.5  1  0
		 31   62   718.49  5541.57989  5541.58287   5.5  1  1
		 31   62   747.43  5542.88957  5542.88973   5.5  1  1
		 31   62   795.33  5545.05244   5545.0495   5.5  1  1
		 31   62   864.68  5548.17378  5548.17498   5.5  1  1
		 31   62   935.97  5551.36896  5551.37121   5.5  1  1
		 31   62   963.75  5552.61031  5552.62182   5.5  1  0
		 31   62  1029.28  5555.53128  5555.53118   5.5  1  1
		 31   62  1063.37  5557.04646  5557.04518   5.5  1  1
		 31   62  1092.59  5558.34227  5558.34277   5.5  1  1
		 31   62  1100.72  5558.70275  5558.70396   5.5  1  1
		 31   62  1127.57  5559.89128  5559.89126   5.5  1  1
		 31   62  1225.35  5564.20344  5564.20156   5.5  1  1
		 31   62  1312.10  5568.00795  5568.00573   5.5  1  1
		 31   62  1385.14   5571.1956  5571.19371   5.5  1  1
		 31   62  1434.75  5573.35302  5573.35344   5.5  1  1
		 31   62  1500.61  5576.20648  5576.20481   5.5  1  1
		 31   62  1534.86  5577.68617  5577.68526   5.5  1  1
		 31   62  1573.65  5579.35799  5579.35786   5.5  1  1
		 31   62  1590.36   5580.0769  5580.07662   5.5  1  1
		 31   62  1606.09  5580.75284   5580.7554   5.5  1  1
		 31   62  1676.33  5583.76386  5583.76116   5.5  1  1
		 31   62  1752.76  5587.02525   5587.0263   5.5  1  1
		 31   62  1908.25  5593.61238  5593.61279   5.5  1  1
		 31   62  1942.70  5595.06325  5595.06352   5.5  1  1
		 31   62  2000.12  5597.47434   5597.4756   5.5  1  1
		 32   63     8.49  5421.35435  5421.35855   5.5  1  1
		 32   63    65.88  5424.00812  5424.00702   5.5  1  1
		 32   63   102.07  5425.67743  5425.67729   5.5  1  1
		 32   63   220.36  5431.11193  5431.11142   5.5  1  1
		 32   63   286.83  5434.15127  5434.15071   5.5  1  1
		 32   63   325.02  5435.89223  5435.89123   5.5  1  1
		 32   63   357.88  5437.38789  5437.38634   5.5  1  1
		 32   63   415.20  5439.99027  5439.99248   5.5  1  1
		 32   63   428.60  5440.59744  5440.59978   5.5  1  1
		 32   63   573.96  5447.15524  5447.15333   5.5  1  1
		 32   63   625.68  5449.47609  5449.47893   5.5  1  1
		 32   63   674.33  5451.65296  5451.65459   5.5  1  1
		 32   63   686.96  5452.21732  5452.21827   5.5  1  1
		 32   63   921.26  5462.60968  5462.61255   5.5  1  1
		 32   63   957.51  5464.20538  5464.20517   5.5  1  1
		 32   63  1107.25  5470.75982  5470.75872   5.5  1  1
		 32   63  1299.20  5479.07735  5479.07596   5.5  1  1
		 32   63  1417.25  5484.14546   5484.1442   5.5  1  1
		 32   63  1522.51  5488.63342  5488.63106   5.5  1  1
		 32   63  1617.10  5492.64182  5492.64292   5.5  1  1
		 32   63  1630.42  5493.20432  5493.20295   5.5  1  1
		 32   63  1657.08  5494.32898   5494.3309   5.5  1  1
		 32   63  1693.78   5495.8737   5495.8738   5.5  1  1
		 32   63  1700.00  5496.13549  5496.13658   5.5  1  1
		 32   63  1748.86   5498.1859   5498.1841   5.5  1  1
		 32   63  1774.36  5499.25393  5499.25518   5.5  1  1
		 32   63  1783.75  5499.64671  5499.64682   5.5  1  1
		 32   63  1822.86  5501.28023  5501.28035   5.5  1  1
		 32   63  1895.50  5504.30325  5504.30142   5.5  1  1
		 32   63  1939.18  5506.11449   5506.1188   5.5  1  1
		 32   63  1973.67  5507.54104  5507.54095   5.5  1  1
		 32   63  1998.50  5508.56601   5508.5583   5.5  1  0
		 32   63  2033.18  5509.99505  5509.99315   5.5  1  1
		 33   64    16.64  5337.02021  5337.01748   5.5  1  1
		 33   64   161.16  5343.58101  5343.58022   5.5  1  1
		 33   64   258.48  5347.97139  5347.97127   5.5  1  1
		 33   64   328.73  5351.12667  5351.12598   5.5  1  1
		 33   64   429.58  5355.63528  5355.63469   5.5  1  1
		 33   64   531.11  5360.14991  5360.14965   5.5  1  1
		 33   64   553.80  5361.15518  5361.15589   5.5  1  1
		 33   64   585.86  5362.57374   5362.5748   5.5  1  1
		 33   64   738.24  5369.28116  5369.28172   5.5  1  1
		 33   64   770.81  5370.70763  5370.70886   5.5  1  1
		 33   64   816.50  5372.70377  5372.70201   5.5  1  1
		 33   64   865.08  5374.82073   5374.8212   5.5  1  1
		 33   64   877.30  5375.35222  5375.35222   5.5  1  1
		 33   64   886.89  5375.76886  5375.76859   5.5  1  1
		 33   64   895.20  5376.13017  5376.12997   5.5  1  1
		 33   64   910.04  5376.77435  5376.77727   5.5  1  1
		 33   64   957.59  5378.83538   5378.8349   5.5  1  1
		 33   64   963.95  5379.11055  5379.11026   5.5  1  1
		 33   64  1052.46   5382.9298  5382.92698   5.5  1  1
		 33   64  1078.20  5384.03706  5384.03563   5.5  1  1
		 33   64  1138.20  5386.61077  5386.61027   5.5  1  1
		 33   64  1171.93    5388.054  5388.05097   5.5  1  1
		 33   64  1278.00  5392.57234  5392.57274   5.5  1  1
		 33   64  1302.26  5393.60186   5393.5995   5.5  1  1
		 33   64  1310.98  5393.97162  5393.97122   5.5  1  1
		 33   64  1329.62  5394.76106  5394.76023   5.5  1  1
		 33   64  1394.83  5397.51638  5397.51841   5.5  1  1
		 33   64  1422.94  5398.70044   5398.7015   5.5  1  1
		 33   64  1428.12  5398.91864  5398.91892   5.5  1  1
		 33   64  1434.15  5399.17247  5399.17469   5.5  1  1
		 33   64  1444.79   5399.6198  5399.62076   5.5  1  1
		 33   64  1457.27  5400.14404  5400.14535   5.5  1  1
		 33   64  1515.97  5402.60545  5402.60736   5.5  1  1
		 33   64  1530.13  5403.19803  5403.20024   5.5  1  1
		 33   64  1629.56  5407.34319   5407.3455   5.5  1  1
		 33   64  1636.99  5407.65191  5407.65329   5.5  1  1
		 33   64  1712.18  5410.76816  5410.76862   5.5  1  1
		 33   64  1827.44  5415.51653  5415.51568   5.5  1  1
		 33   64  1875.46  5417.48503  5417.48538   5.5  1  1
		 33   64  1970.26  5421.35336  5421.35855   5.5  1  1
		 33   64  2035.69  5424.00953  5424.00702   5.5  1  1
		 34   65    93.58  5258.35959  5258.35965   5.5  1  1
		 34   65   132.64  5260.10318  5260.10335   5.5  1  1
		 34   65   163.38  5261.47326  5261.47309   5.5  1  1
		 34   65   254.98  5265.54228  5265.55127   5.5  1  0
		 34   65   281.34  5266.70981  5266.70955   5.5  1  1
		 34   65   422.37  5272.92754  5272.92546   5.5  1  1
		 34   65   449.52  5274.11875  5274.11843   5.5  1  1
		 34   65   518.69   5277.1465  5277.14585   5.5  1  1
		 34   65   526.77  5277.49962  5277.49953   5.5  1  1
		 34   65   608.67  5281.06806  5281.06841   5.5  1  1
		 34   65   743.04  5286.88752  5286.88721   5.5  1  1
		 34   65   857.65  5291.81615  5291.81685   5.5  1  1
		 34   65   917.93  5294.39568  5294.39641   5.5  1  1
		 34   65   962.35  5296.29051  5296.27879   5.5  1  0
		 34   65   996.57  5297.74688  5297.74423   5.5  1  1
		 34   65  1009.18    5298.283  5298.28179   5.5  1  1
		 34   65  1062.00  5300.52367  5300.52341   5.5  1  1
		 34   65  1082.72  5301.40072  5301.40402   5.5  1  1
		 34   65  1215.29  5306.98725  5306.98711   5.5  1  1
		 34   65  1226.74  5307.46738  5307.46511   5.5  1  1
		 34   65  1293.63  5310.26747  5310.26506   5.5  1  1
		 34   65  1335.23  5312.00292   5312.0013   5.5  1  1
		 34   65  1347.89  5312.53021  5312.52882   5.5  1  1
		 34   65  1356.84  5312.90294  5312.90394   5.5  1  1
		 34   65  1467.54  5317.49415  5317.49486   5.5  1  1
		 34   65  1546.97   5320.7695  5320.76846   5.5  1  1
		 34   65  1653.62  5325.14206   5325.1428   5.5  1  1
		 34   65  1660.71   5325.4317  5325.43139   5.5  1  1
		 34   65  1681.35  5326.27406  5326.27581   5.5  1  1
		 34   65  1698.56  5326.97559  5326.97545   5.5  1  1
		 34   65  1757.81  5329.38573  5329.37506   5.5  1  0
		 34   65  1774.86  5330.07739  5330.07869   5.5  1  1
		 34   65  1946.93  5337.01777  5337.01748   5.5  1  1
		 35   66    17.32  5175.32567  5175.32407   5.5  1  1
		 35   66    30.48  5175.90677  5175.91068   5.5  1  1
		 35   66    54.40  5176.96259   5176.9617   5.5  1  1
		 35   66   214.28  5183.98492  5183.98797   5.5  1  1
		 35   66   269.78  5186.40891   5186.4129   5.5  1  1
		 35   66   291.12  5187.33909  5187.33734   5.5  1  1
		 35   66   300.48   5187.7464  5187.74726   5.5  1  1
		 35   66   372.32  5190.86841  5190.87169   5.5  1  1
		 35   66   440.64  5193.82623  5193.82555   5.5  1  1
		 35   66   455.25  5194.45722  5194.45699   5.5  1  1
		 35   66   486.66  5195.81253  5195.81303   5.5  1  1
		 35   66   556.14   5198.8018  5198.80186   5.5  1  1
		 35   66   564.57  5199.16351  5199.16365   5.5  1  1
		 35   66   673.85  5203.83966   5203.8444   5.5  1  1
		 35   66   704.67   5205.1532   5205.1522   5.5  1  1
		 35   66   812.32  5209.72384  5209.72393   5.5  1  1
		 35   66   847.91  5211.22862  5211.22975   5.5  1  1
		 35   66   898.20   5213.3495  5213.34863   5.5  1  1
		 35   66   975.46  5216.59627  5216.59628   5.5  1  1
		 35   66  1021.66   5218.5308  5218.52722   5.5  1  1
		 35   66  1035.52  5219.10997  5219.10929   5.5  1  1
		 35   66  1073.83  5220.70913  5220.70515   5.5  1  1
		 35   66  1079.10   5220.9287  5220.92737   5.5  1  1
		 35   66  1087.43  5221.27551  5221.28012   5.5  1  1
		 35   66  1255.16  5228.22752  5228.22547   5.5  1  1
		 35   66  1326.42  5231.15981  5231.15912   5.5  1  1
		 35   66  1376.79  5233.22508    5233.226   5.5  1  1
		 35   66  1398.36   5234.1073  5234.10887   5.5  1  1
		 35   66  1513.87  5238.81332  5238.81361   5.5  1  1
		 35   66  1532.01  5239.54916  5239.55076   5.5  1  1
		 35   66  1547.97  5240.19622  5240.19694   5.5  1  1
		 35   66  1676.45  5245.38026   5245.3781   5.5  1  1
		 35   66  1733.11  5247.65297  5247.65382   5.5  1  1
		 35   66  2002.74  5258.35944  5258.35965   5.5  1  1
		 36   67    16.43  5098.04336  5098.04337   5.5  1  1
		 36   67    75.66  5100.61775  5100.61837   5.5  1  1
		 36   67    87.46  5101.12952  5101.12941   5.5  1  1
		 36   67   322.88  5111.27832  5111.27767   5.5  1  1
		 36   67   410.97  5115.04358  5115.04406   5.5  1  1
		 36   67   586.85  5122.50662  5122.49794   5.5  1  0
		 36   67   657.43  5125.48154  5125.49003   5.5  1  0
		 36   67   668.44  5125.94435  5125.94829   5.5  1  1
		 36   67   729.09  5128.48949  5128.48953   5.5  1  1
		 36   67   879.06  5134.74551  5134.74547   5.5  1  1
		 36   67   944.81  5137.47143  5137.47354   5.5  1  1
		 36   67  1024.45  5140.75909   5140.7641   5.5  1  1
		 36   67  1049.35  5141.78384  5141.78314   5.5  1  1
		 36   67  1085.49  5143.26877  5143.26758   5.5  1  1
		 36   67  1101.28  5143.91631  5143.91591   5.5  1  1
		 36   67  1135.30  5145.30951  5145.30889   5.5  1  1
		 36   67  1153.06  5146.03618  5146.05606   5.5  1  0
		 36   67  1206.58  5148.21997  5148.21191   5.5  1  0
		 36   67  1230.79  5149.20565  5149.20665   5.5  1  1
		 36   67  1290.04  5151.61206  5151.61137   5.5  1  1
		 36   67  1355.06  5154.24287   5154.2428   5.5  1  1
		 36   67  1463.41  5158.60364  5158.60442   5.5  1  1
		 36   67  1536.74  5161.53866  5161.53993   5.5  1  1
		 36   67  1555.43  5162.28454  5162.28755   5.5  1  1
		 36   67  1584.86  5163.45737   5163.4581   5.5  1  1
		 36   67  1643.10  5165.77205   5165.7735   5.5  1  1
		 36   67  1722.61  5168.91875  5168.92125   5.5  1  1
		 36   67  1843.51  5173.67336  5173.67123   5.5  1  1
		 36   67  1885.70  5175.32392  5175.32407   5.5  1  1
		 36   67  1900.71  5175.90989  5175.91068   5.5  1  1
		 36   67  1927.70  5176.96262   5176.9617   5.5  1  1
		 37   68   146.91  5028.64943  5028.64948   5.5  1  1
		 37   68   176.08  5029.89108  5029.89112   5.5  1  1
		 37   68   396.88   5039.2297  5039.22982   5.5  1  1
		 37   68   442.04  5041.12632  5041.12231   5.5  1  1
		 37   68   453.25  5041.59641   5041.6072   5.5  1  0
		 37   68   527.92  5044.71974  5044.72013   5.5  1  1
		 37   68   540.59  5045.24854  5045.24743   5.5  1  1
		 37   68   583.65  5047.04288  5047.04335   5.5  1  1
		 37   68   649.97  5049.79765  5049.79714   5.5  1  1
		 37   68   673.73  5050.78237  5050.78383   5.5  1  1
		 37   68   700.45  5051.88811  5051.88833   5.5  1  1
		 37   68   784.28  5055.34562  5055.34649   5.5  1  1
		 37   68   848.52  5057.98425  5057.98555   5.5  1  1
		 37   68   894.34  5059.86026   5059.8606   5.5  1  1
		 37   68   938.33  5061.65703  5061.65593   5.5  1  1
		 37   68   947.67  5062.03754  5062.03748   5.5  1  1
		 37   68   969.57  5062.92987  5062.93166   5.5  1  1
		 37   68   983.95  5063.51502  5063.51462   5.5  1  1
		 37   68   996.09  5064.00871   5064.0066   5.5  1  1
		 37   68  1010.67  5064.60112  5064.60152   5.5  1  1
		 37   68  1019.15  5064.94533   5064.9451   5.5  1  1
		 37   68  1048.52  5066.13654  5066.13565   5.5  1  1
		 37   68  1064.38  5066.77896  5066.77781   5.5  1  1
		 37   68  1073.21  5067.13645  5067.13887   5.5  1  1
		 37   68  1093.90  5067.97309  5067.97358   5.5  1  1
		 37   68  1127.57   5069.3328  5069.33388   5.5  1  1
		 37   68  1430.66  5081.44757  5081.44671   5.5  1  1
		 37   68  1520.46   5084.9943  5084.99374   5.5  1  1
		 37   68  1649.46  5090.05552   5090.0513   5.5  1  1
		 37   68  1660.81  5090.49885   5090.5142   5.5  1  0
		 37   68  1778.22  5095.06626  5095.06292   5.5  1  1
		 37   68  1814.83  5096.48398   5096.4844   5.5  1  1
		 37   68  1855.20  5098.04308  5098.04337   5.5  1  1
		 37   68  1922.10  5100.61815  5100.61837   5.5  1  1
		 37   68  1935.46  5101.13108  5101.12941   5.5  1  1
		 38   69    15.88   4950.2478  4950.24872   5.5  1  1
		 38   69    24.77  4950.62365  4950.62541   5.5  1  1
		 38   69   289.40  4961.72994   4961.7256   5.5  1  1
		 38   69   369.96  4965.07996  4965.07985   5.5  1  1
		 38   69   385.61  4965.72949  4965.73033   5.5  1  1
		 38   69   458.73    4968.755  4968.77257   5.5  1  0
		 38   69   490.61  4970.07064  4970.08385   5.5  1  0
		 38   69   541.39  4972.16114  4972.16127   5.5  1  1
		 38   69   737.65  4980.18561  4980.18557   5.5  1  1
		 38   69   794.33  4982.48687  4982.48636   5.5  1  1
		 38   69   865.63  4985.37076  4985.37142   5.5  1  1
		 38   69   909.65   4987.1453  4987.14683   5.5  1  1
		 38   69   963.46  4989.30866  4989.30823   5.5  1  1
		 38   69  1074.50  4993.75102  4993.74878   5.5  1  1
		 38   69  1083.40  4994.10602  4994.10668   5.5  1  1
		 38   69  1230.39  4999.93901   4999.9398   5.5  1  1
		 38   69  1285.09  5002.09684  5002.09648   5.5  1  1
		 38   69  1323.25  5003.59771  5003.59786   5.5  1  1
		 38   69  1336.36  5004.11265  5004.12596   5.5  1  0
		 38   69  1469.91  5009.33432  5009.33558   5.5  1  1
		 38   69  1485.72  5009.94972  5009.97422   5.5  1  0
		 38   69  1639.16  5015.89049  5015.89003   5.5  1  1
		 38   69  1672.24  5017.16401   5017.1628   5.5  1  1
		 38   69  1741.05  5019.80425    5019.806   5.5  1  1
		 38   69  1798.62  5022.00489  5022.00649   5.5  1  1
		 38   69  1973.75  5028.64941  5028.64948   5.5  1  1
		 38   69  2006.72  5029.89238  5029.89112   5.5  1  1
		 39   70    23.97  4879.86412  4879.86402   5.5  1  1
		 39   70    56.13  4881.20277  4881.20375   5.5  1  1
		 39   70    81.19  4882.24444  4882.24409   5.5  1  1
		 39   70   245.56  4889.04237  4889.04262   5.5  1  1
		 39   70   336.14   4892.7637  4892.76007   5.5  1  1
		 39   70   352.81  4893.44637  4893.44309   5.5  1  1
		 39   70   389.67  4894.95418   4894.9543   5.5  1  1
		 39   70   494.93    4899.243  4899.24211   5.5  1  1
		 39   70   564.08  4902.04747  4902.04754   5.5  1  1
		 39   70   582.53  4902.79353  4902.79341   5.5  1  1
		 39   70   631.02  4904.75171  4904.75083   5.5  1  1
		 39   70   765.58  4910.15734  4910.15735   5.5  1  1
		 39   70   781.53  4910.79537  4910.79689   5.5  1  1
		 39   70   796.20   4911.3818  4911.37963   5.5  1  1
		 39   70   824.91  4912.52774  4912.52866   5.5  1  1
		 39   70  1008.60  4919.81527  4919.81522   5.5  1  1
		 39   70  1054.33  4921.61728  4921.61418   5.5  1  1
		 39   70  1088.12  4922.94602  4922.94368   5.5  1  1
		 39   70  1125.78  4924.42346  4924.42178   5.5  1  1
		 39   70  1150.71  4925.39981  4925.42187   5.5  1  0
		 39   70  1164.70  4925.94703  4925.94985   5.5  1  1
		 39   70  1199.32  4927.29952  4927.29803   5.5  1  1
		 39   70  1211.62  4927.77916  4927.77955   5.5  1  1
		 39   70  1245.11  4929.08344  4929.08445   5.5  1  1
		 39   70  1268.38  4929.98829   4929.9859   5.5  1  1
		 39   70  1351.49  4933.20978  4933.20931   5.5  1  1
		 39   70  1368.03  4933.84904  4933.85009   5.5  1  1
		 39   70  1443.98  4936.77564  4936.77487   5.5  1  1
		 39   70  1471.37  4937.82807  4937.82895   5.5  1  1
		 39   70  1489.10  4938.50803  4938.50546   5.5  1  1
		 39   70  1518.69  4939.64159  4939.64197   5.5  1  1
		 39   70  1608.31  4943.06178  4943.06406   5.5  1  1
		 39   70  1671.38  4945.45744   4945.4581   5.5  1  1
		 39   70  1703.20  4946.66256  4946.66283   5.5  1  1
		 39   70  1727.21  4947.57031  4947.57191   5.5  1  1
		 39   70  1798.28  4950.24914  4950.24872   5.5  1  1
		 39   70  1808.28  4950.62539  4950.62541   5.5  1  1
		 40   71    54.42  4812.37927  4812.37582   5.5  1  1
		 40   71    69.62  4813.00247   4813.0069   5.5  1  1
		 40   71    87.16  4813.72084  4813.72041   5.5  1  1
		 40   71    91.42  4813.89542  4813.89598   5.5  1  1
		 40   71   221.24  4819.19097  4819.19174   5.5  1  1
		 40   71   252.61  4820.46548   4820.4644   5.5  1  1
		 40   71   262.90  4820.88306    4820.885   5.5  1  1
		 40   71   280.30  4821.58861  4821.58747   5.5  1  1
		 40   71   311.56   4822.8541  4822.85406   5.5  1  1
		 40   71   330.18   4823.6072  4823.60559   5.5  1  1
		 40   71   339.83  4823.99731  4823.99669   5.5  1  1
		 40   71   406.80  4826.69789  4826.69912   5.5  1  1
		 40   71   483.99  4829.79823  4829.79732   5.5  1  1
		 40   71   517.00  4831.12022  4831.12096   5.5  1  1
		 40   71   528.92  4831.59708  4831.59741   5.5  1  1
		 40   71   559.12  4832.80351  4832.80197   5.5  1  1
		 40   71   752.35  4840.47521  4840.47426   5.5  1  1
		 40   71   761.62  4840.84129  4840.84265   5.5  1  1
		 40   71   839.79  4843.91938  4843.92486   5.5  1  0
		 40   71   846.11  4844.16776  4844.16609   5.5  1  1
		 40   71   871.45  4845.16235  4845.16227   5.5  1  1
		 40   71   939.09  4847.81011  4847.81016   5.5  1  1
		 40   71   953.23  4848.36221  4848.36222   5.5  1  1
		 40   71   973.09  4849.13674  4849.13777   5.5  1  1
		 40   71   991.65  4849.86025   4849.8615   5.5  1  1
		 40   71  1006.52  4850.43898  4850.43949   5.5  1  1
		 40   71  1069.05  4852.86764  4852.86858   5.5  1  1
		 40   71  1210.60  4858.33267  4858.33211   5.5  1  1
		 40   71  1285.77  4861.21609  4861.21675   5.5  1  1
		 40   71  1298.80  4861.71451  4861.71645   5.5  1  1
		 40   71  1336.77  4863.16501  4863.16691   5.5  1  1
		 40   71  1397.48  4865.47723  4865.47714   5.5  1  1
		 40   71  1408.90  4865.91118  4865.91446   5.5  1  1
		 40   71  1452.23  4867.55477  4867.55484   5.5  1  1
		 40   71  1487.27  4868.88106  4868.88115   5.5  1  1
		 40   71  1551.05  4871.28745  4871.28924   5.5  1  1
		 40   71  1594.41  4872.91811  4872.91928   5.5  1  1
		 40   71  1632.95  4874.36395  4874.36442   5.5  1  1
		 40   71  1689.87  4876.49264  4876.49607   5.5  1  1
		 40   71  1725.21  4877.81081  4877.81025   5.5  1  1
		 40   71  1730.51  4878.00815  4878.00941   5.5  1  1
		 40   71  1749.95  4878.73148  4878.73258   5.5  1  1
		 40   71  1780.39   4879.8626  4879.86402   5.5  1  1
		 40   71  1816.56  4881.20406  4881.20375   5.5  1  1
		 40   71  1844.62  4882.24219  4882.24409   5.5  1  1
		 40   71  2029.61  4889.04183  4889.04262   5.5  1  1
		 41   72     8.95  4743.69475  4743.69258   5.5  1  1
		 41   72    49.30  4745.32887  4745.33146   5.5  1  1
		 41   72   145.25  4749.20069  4749.19958   5.5  1  1
		 41   72   164.38  4749.97035  4749.96976   5.5  1  1
		 41   72   225.25  4752.41415  4752.41319   5.5  1  1
		 41   72   443.40  4761.10766  4761.10935   5.5  1  1
		 41   72   525.38  4764.34797  4764.34554   5.5  1  1
		 41   72   538.50  4764.86536  4764.86507   5.5  1  1
		 41   72   557.05   4765.5959  4765.59534   5.5  1  1
		 41   72   582.57  4766.60004  4766.60048   5.5  1  1
		 41   72   752.26  4773.23947   4773.2407   5.5  1  1
		 41   72   805.63  4775.31463  4775.31365   5.5  1  1
		 41   72   818.01  4775.79496   4775.7938   5.5  1  1
		 41   72   854.02  4777.19051  4777.19097   5.5  1  1
		 41   72   882.52  4778.29298  4778.29317   5.5  1  1
		 41   72   919.65  4779.72636  4779.72634   5.5  1  1
		 41   72   998.46  4782.75908  4782.76081   5.5  1  1
		 41   72  1027.28  4783.86458  4783.86361   5.5  1  1
		 41   72  1097.00   4786.5314  4786.53108   5.5  1  1
		 41   72  1113.17  4787.14838  4787.14773   5.5  1  1
		 41   72  1171.95  4789.38595  4789.38648   5.5  1  1
		 41   72  1243.07  4792.08257  4792.08246   5.5  1  1
		 41   72  1273.83  4793.24575  4793.24495   5.5  1  1
		 41   72  1344.66  4795.91516  4795.91372   5.5  1  1
		 41   72  1458.18   4800.1696  4800.17137   5.5  1  1
		 41   72  1615.57  4806.01964  4806.02133   5.5  1  1
		 41   72  1672.79  4808.13239  4808.13364   5.5  1  1
		 41   72  1713.02  4809.61325  4809.61409   5.5  1  1
		 41   72  1788.30  4812.37448  4812.37582   5.5  1  1
		 41   72  1805.58  4813.00629   4813.0069   5.5  1  1
		 41   72  1825.08  4813.71862  4813.72041   5.5  1  1
		 41   72  1829.91  4813.89491  4813.89598   5.5  1  1
		 41   72  1975.71  4819.19142  4819.19174   5.5  1  1
		 41   72  2011.03  4820.46697   4820.4644   5.5  1  1
		 41   72  2022.59  4820.88397    4820.885   5.5  1  1
		 41   72  2042.14  4821.58817  4821.58747   5.5  1  1
		 42   73    47.31  4680.23896  4680.23671   5.5  1  1
		 42   73    57.43  4680.64287  4680.64144   5.5  1  1
		 42   73   125.46  4683.35117   4683.3516   5.5  1  1
		 42   73   197.34  4686.20286  4686.19425   5.5  1  0
		 42   73   309.25  4690.62077  4690.62187   5.5  1  1
		 42   73   334.96  4691.63176  4691.63231   5.5  1  1
		 42   73   397.63  4694.09099  4694.09109   5.5  1  1
		 42   73   421.79  4695.03697  4695.03717   5.5  1  1
		 42   73   432.48  4695.45474  4695.45335   5.5  1  1
		 42   73   608.87  4702.31817  4702.31601   5.5  1  1
		 42   73   652.10  4703.98986  4703.98938   5.5  1  1
		 42   73   763.87  4708.29361   4708.2938   5.5  1  1
		 42   73   873.26  4712.47928  4712.47941   5.5  1  1
		 42   73   882.72  4712.84001  4712.84121   5.5  1  1
		 42   73  1083.73  4720.45857  4720.45845   5.5  1  1
		 42   73  1092.17  4720.77644  4720.78221   5.5  1  0
		 42   73  1105.46  4721.27652  4721.27635   5.5  1  1
		 42   73  1113.83  4721.59146  4721.59088   5.5  1  1
		 42   73  1127.05  4722.08849  4722.08844   5.5  1  1
		 42   73  1162.98  4723.43763  4723.43801   5.5  1  1
		 42   73  1172.22  4723.78397  4723.78377   5.5  1  1
		 42   73  1198.83  4724.78038  4724.77646   5.5  1  1
		 42   73  1254.72  4726.86849  4726.86863   5.5  1  1
		 42   73  1288.71   4728.1349  4728.13445   5.5  1  1
		 42   73  1315.40  4729.12734  4729.12739   5.5  1  1
		 42   73  1335.68  4729.88081  4729.88004   5.5  1  1
		 42   73  1394.32  4732.05311    4732.054   5.5  1  1
		 42   73  1498.81  4735.90529  4735.90645   5.5  1  1
		 42   73  1601.79  4739.67776  4739.67669   5.5  1  1
		 42   73  1625.23  4740.53286  4740.53176   5.5  1  1
		 42   73  1636.80  4740.95449  4740.95412   5.5  1  1
		 42   73  1646.42  4741.30487  4741.30633   5.5  1  1
		 42   73  1668.87  4742.12189  4742.11827   5.5  1  1
		 42   73  1712.15   4743.6934  4743.69258   5.5  1  1
		 42   73  1757.45  4745.33377  4745.33146   5.5  1  1
		 42   73  1864.73  4749.20021  4749.19958   5.5  1  1
		 42   73  1886.19  4749.97031  4749.96976   5.5  1  1
		 42   73  1954.47  4752.41415  4752.41319   5.5  1  1
		 43   74     5.48  4615.33704   4615.3336   5.5  1  1
		 43   74   111.06  4619.49117  4619.48172   5.5  1  0
		 43   74   153.56  4621.15707  4621.16062   5.5  1  1
		 43   74   311.00  4627.29549  4627.29726   5.5  1  1
		 43   74   334.31  4628.19971   4628.2018   5.5  1  1
		 43   74   340.53  4628.44103  4628.44084   5.5  1  1
		 43   74   426.30  4631.75826  4631.75982   5.5  1  1
		 43   74   478.73  4633.77833  4633.76969   5.5  1  0
		 43   74   568.76  4637.23328  4637.23295   5.5  1  1
		 43   74   606.76  4638.68669  4638.68421   5.5  1  1
		 43   74   642.39  4640.04638   4640.0465   5.5  1  1
		 43   74   817.40  4646.68626  4646.68605   5.5  1  1
		 43   74   832.34  4647.24978  4647.25051   5.5  1  1
		 43   74   911.70  4650.23629  4650.23576   5.5  1  1
		 43   74   958.27  4651.98263  4651.98883   5.5  1  0
		 43   74  1044.73  4655.21171  4655.21239   5.5  1  1
		 43   74  1117.07  4657.90128  4657.90169   5.5  1  1
		 43   74  1162.31  4659.57729    4659.571   5.5  1  0
		 43   74  1260.33  4663.19338  4663.20227   5.5  1  0
		 43   74  1337.00  4666.00691  4666.00548   5.5  1  1
		 43   74  1350.87  4666.51448  4666.51579   5.5  1  1
		 43   74  1358.63  4666.79823  4666.79878   5.5  1  1
		 43   74  1396.21  4668.17081  4668.17152   5.5  1  1
		 43   74  1446.01  4669.98477  4669.98366   5.5  1  1
		 43   74  1547.41  4673.66112  4673.66062   5.5  1  1
		 43   74  1594.84   4675.3731  4675.37569   5.5  1  1
		 43   74  1613.84  4676.05752  4676.05657   5.5  1  1
		 43   74  1730.61  4680.24517  4680.23671   5.5  1  0
		 43   74  1741.83  4680.64624  4680.64144   5.5  1  1
		 43   74  1817.84  4683.35399   4683.3516   5.5  1  1
		 43   74  1897.98  4686.19477  4686.19425   5.5  1  1
		 43   74  2023.62  4690.61938  4690.62187   5.5  1  1
		 44   75    57.46  4555.81165  4555.81194   5.5  1  1
		 44   75   122.75  4558.34256  4558.34549   5.5  1  1
		 44   75   200.49  4561.34428  4561.34857   5.5  1  1
		 44   75   280.10  4564.40584  4564.40584   5.5  1  1
		 44   75   291.33  4564.83652  4564.83434   5.5  1  1
		 44   75   354.11  4567.24003  4567.23994   5.5  1  1
		 44   75   377.69  4568.14084  4568.14268   5.5  1  1
		 44   75   452.00  4570.97172  4570.97184   5.5  1  1
		 44   75   673.72  4579.34968  4579.35021   5.5  1  1
		 44   75   686.45  4579.82762  4579.82764   5.5  1  1
		 44   75   722.50  4581.17904  4581.17528   5.5  1  1
		 44   75   917.05  4588.42468  4588.42535   5.5  1  1
		 44   75   956.87  4589.89767  4589.89824   5.5  1  1
		 44   75  1031.94  4592.66559  4592.66617   5.5  1  1
		 44   75  1058.48  4593.64119  4593.64239   5.5  1  1
		 44   75  1106.98  4595.42001  4595.42072   5.5  1  1
		 44   75  1125.44  4596.09578  4596.09693   5.5  1  1
		 44   75  1131.13  4596.30405   4596.3076   5.5  1  1
		 44   75  1198.50  4598.76302  4598.76336   5.5  1  1
		 44   75  1312.02   4602.8843  4602.88563   5.5  1  1
		 44   75  1319.22  4603.14472  4603.14419   5.5  1  1
		 44   75  1452.21  4607.93507  4607.93463   5.5  1  1
		 44   75  1497.76  4609.56681   4609.5675   5.5  1  1
		 44   75  1561.98  4611.85947  4611.85864   5.5  1  1
		 44   75  1581.54  4612.55611  4612.54617   5.5  1  0
		 44   75  1611.00  4613.60365  4613.60495   5.5  1  1
		 44   75  1651.10  4615.02632  4615.02466   5.5  1  1
		 44   75  1659.86  4615.33659   4615.3336   5.5  1  1
		 44   75  1777.44  4619.48557  4619.48172   5.5  1  1
		 44   75  1825.07  4621.15739  4621.16062   5.5  1  1
		 44   75  2001.40  4627.30325  4627.29726   5.5  1  0
		 44   75  2027.36  4628.20207   4628.2018   5.5  1  1
		 44   75  2034.24  4628.43994  4628.44084   5.5  1  1
		 45   76   127.58  4498.53978  4498.53939   5.5  1  1
		 45   76   138.11  4498.94134  4498.94197   5.5  1  1
		 45   76   165.45  4499.98385  4499.98319   5.5  1  1
		 45   76   242.84  4502.92663  4502.92767   5.5  1  1
		 45   76   303.32  4505.21774  4505.21639   5.5  1  1
		 45   76   336.85  4506.48509  4506.47755   5.5  1  0
		 45   76   444.18   4510.5254  4510.52664   5.5  1  1
		 45   76   449.69  4510.73236  4510.73267   5.5  1  1
		 45   76   516.18  4513.22284  4513.22287   5.5  1  1
		 45   76   528.46  4513.68165  4513.67955   5.5  1  1
		 45   76   566.94  4515.11796  4515.11813   5.5  1  1
		 45   76   678.36  4519.25889  4519.25951   5.5  1  1
		 45   76   730.75  4521.19734  4521.19544   5.5  1  1
		 45   76   761.26  4522.32335  4522.32288   5.5  1  1
		 45   76   979.33  4530.31515   4530.3192   5.5  1  1
		 45   76   985.84  4530.55215  4530.55269   5.5  1  1
		 45   76  1032.69  4532.25544  4532.25782   5.5  1  1
		 45   76  1055.29  4533.07547  4533.07541   5.5  1  1
		 45   76  1061.55  4533.30222  4533.30233   5.5  1  1
		 45   76  1084.19  4534.12234     4534.12   5.5  1  1
		 45   76  1115.54  4535.25575  4535.25475   5.5  1  1
		 45   76  1122.12  4535.49354   4535.5037   5.5  1  0
		 45   76  1181.77   4537.6439  4537.64425   5.5  1  1
		 45   76  1275.28  4540.99965  4540.99887   5.5  1  1
		 45   76  1373.91  4544.51873  4544.51387   5.5  1  1
		 45   76  1388.90  4545.05177  4545.05203   5.5  1  1
		 45   76  1413.23  4545.91569  4545.91513   5.5  1  1
		 45   76  1450.86  4547.24944  4547.24951   5.5  1  1
		 45   76  1465.24  4547.75845  4547.75946   5.5  1  1
		 45   76  1590.08  4552.15776  4552.15552   5.5  1  1
		 45   76  1694.52  4555.81211  4555.81194   5.5  1  1
		 45   76  1767.41  4558.34834  4558.34549   5.5  1  1
		 45   76  1854.11  4561.34985  4561.34857   5.5  1  1
		 45   76  1942.86  4564.40553  4564.40584   5.5  1  1
		 45   76  1955.39  4564.83538  4564.83434   5.5  1  1
		 45   76  2025.65  4567.24038  4567.23994   5.5  1  1
		 46   77    91.57  4438.74869  4438.74626   5.5  1  1
		 46   77   101.55  4439.12516  4439.12316   5.5  1  1
		 46   77   110.46  4439.46153  4439.46175   5.5  1  1
		 46   77   121.50  4439.87776  4439.87998   5.5  1  1
		 46   77   140.02  4440.57543  4440.57342   5.5  1  1
		 46   77   147.77  4440.86723  4440.86592   5.5  1  1
		 46   77   222.29  4443.66686  4443.66601   5.5  1  1
		 46   77   281.84  4445.89626   4445.8996   5.5  1  1
		 46   77   333.69  4447.83147  4447.83415   5.5  1  1
		 46   77   361.81  4448.87879  4448.87957   5.5  1  1
		 46   77   413.61  4450.80404  4450.79957   5.5  1  1
		 46   77   461.14  4452.56564  4452.56501   5.5  1  1
		 46   77   608.60  4458.00174  4458.00141   5.5  1  1
		 46   77   678.36  4460.55808  4460.55817   5.5  1  1
		 46   77   704.91  4461.52835  4461.52817   5.5  1  1
		 46   77   763.59   4463.6674  4463.66672   5.5  1  1
		 46   77   809.63  4465.34109  4465.34073   5.5  1  1
		 46   77   925.31  4469.52609   4469.5251   5.5  1  1
		 46   77   965.91  4470.98832  4470.98976   5.5  1  1
		 46   77  1071.05  4474.75932  4474.76068   5.5  1  1
		 46   77  1084.02  4475.22281  4475.22221   5.5  1  1
		 46   77  1178.69  4478.59561  4478.59578   5.5  1  1
		 46   77  1207.89  4479.63214  4479.63798   5.5  1  0
		 46   77  1269.44    4481.811  4481.81102   5.5  1  1
		 46   77  1313.01  4483.34842   4483.3469   5.5  1  1
		 46   77  1414.02  4486.89734   4486.8966   5.5  1  1
		 46   77  1454.06  4488.29813  4488.31125   5.5  1  0
		 46   77  1464.94  4488.67804  4488.67864   5.5  1  1
		 46   77  1493.23  4489.66503  4489.66396   5.5  1  1
		 46   77  1531.03  4490.98139  4490.98206   5.5  1  1
		 46   77  1598.79  4493.33274  4493.33342   5.5  1  1
		 46   77  1749.81  4498.53804  4498.53939   5.5  1  1
		 46   77  1761.62  4498.94291  4498.94197   5.5  1  1
		 46   77  1791.97  4499.98244  4499.98319   5.5  1  1
		 46   77  1878.23  4502.92569  4502.92767   5.5  1  1
		 46   77  1945.66  4505.21495  4505.21639   5.5  1  1
		 46   77  1983.11  4506.48229  4506.47755   5.5  1  1
		 47   78    33.61  4379.66666   4379.6672   5.5  1  1
		 47   78    80.07  4381.40143  4381.40017   5.5  1  1
		 47   78    92.34  4381.85899  4381.85994   5.5  1  1
		 47   78   178.34  4385.05701  4385.05714   5.5  1  1
		 47   78   342.21  4391.11053  4391.11032   5.5  1  1
		 47   78   393.02  4392.97667  4392.97414   5.5  1  1
		 47   78   527.96  4397.90786  4397.91387   5.5  1  0
		 47   78   588.20   4400.0976  4400.09682   5.5  1  1
		 47   78   612.71   4400.9864  4400.98671   5.5  1  1
		 47   78   629.17  4401.58252  4401.58122   5.5  1  1
		 47   78   666.35  4402.92733  4402.92702   5.5  1  1
		 47   78   831.96  4408.88259  4408.88277   5.5  1  1
		 47   78   989.25  4414.48647  4414.48653   5.5  1  1
		 47   78  1038.62  4416.23487  4416.23709   5.5  1  1
		 47   78  1055.86  4416.84431  4416.84512   5.5  1  1
		 47   78  1189.34  4421.54144  4421.54695   5.5  1  0
		 47   78  1203.75  4422.04626  4422.04789   5.5  1  1
		 47   78  1251.60  4423.71976  4423.72051   5.5  1  1
		 47   78  1283.40  4424.82903  4424.83753   5.5  1  0
		 47   78  1317.06  4426.00126  4426.00156   5.5  1  1
		 47   78  1437.90   4430.1888  4430.18933   5.5  1  1
		 47   78  1461.30  4430.99639  4430.99695   5.5  1  1
		 47   78  1497.78  4432.25266  4432.25179   5.5  1  1
		 47   78  1518.45  4432.96328  4432.96261   5.5  1  1
		 47   78  1543.91  4433.83737  4433.83839   5.5  1  1
		 47   78  1576.84  4434.96607  4434.95614   5.5  1  0
		 47   78  1687.73  4438.74933  4438.74626   5.5  1  1
		 47   78  1698.79  4439.12498  4439.12316   5.5  1  1
		 47   78  1708.68  4439.46095  4439.46175   5.5  1  1
		 47   78  1721.00  4439.87928  4439.87998   5.5  1  1
		 47   78  1741.51  4440.57448  4440.57342   5.5  1  1
		 47   78  1750.09  4440.86538  4440.86592   5.5  1  1
		 47   78  1833.04  4443.66697  4443.66601   5.5  1  1
		 47   78  1899.35  4445.89625   4445.8996   5.5  1  1
		 47   78  1957.02  4447.82741  4447.83415   5.5  1  0
		 47   78  1988.49  4448.87794  4448.87957   5.5  1  1
		 48   79    62.18  4325.26871  4325.27282   5.5  1  1
		 48   79   161.39  4328.91612    4328.915   5.5  1  1
		 48   79   214.06  4330.84502  4330.84369   5.5  1  1
		 48   79   223.76  4331.19951   4331.1999   5.5  1  1
		 48   79   246.51  4332.03043     4332.03   5.5  1  1
		 48   79   288.47   4333.5604  4333.56094   5.5  1  1
		 48   79   337.34  4335.33793  4335.33774   5.5  1  1
		 48   79   385.08  4337.06978  4337.07093   5.5  1  1
		 48   79   390.82  4337.27764  4337.27698   5.5  1  1
		 48   79   413.96  4338.11552   4338.1077   5.5  1  0
		 48   79   491.00  4340.89657  4340.89577   5.5  1  1
		 48   79   534.00  4342.44358  4342.44395   5.5  1  1
		 48   79   575.98  4343.95041  4343.95127   5.5  1  1
		 48   79   586.49  4344.32705  4344.32631   5.5  1  1
		 48   79   609.96  4345.16764  4345.16818   5.5  1  1
		 48   79   645.41  4346.43479  4346.43418   5.5  1  1
		 48   79   691.10  4348.06458  4348.06425   5.5  1  1
		 48   79   719.45   4349.0736  4349.07241   5.5  1  1
		 48   79   807.72  4352.20511  4352.20521   5.5  1  1
		 48   79   819.33  4352.61604  4352.61636   5.5  1  1
		 48   79   842.83  4353.44657  4353.44712   5.5  1  1
		 48   79   961.17  4357.61172  4357.61226   5.5  1  1
		 48   79   981.30   4358.3174  4358.32005   5.5  1  1
		 48   79  1011.47  4359.37334  4359.37202   5.5  1  1
		 48   79  1088.63  4362.06601  4362.06693   5.5  1  1
		 48   79  1138.34    4363.794  4363.79584   5.5  1  1
		 48   79  1200.00  4365.93069  4365.93006   5.5  1  1
		 48   79  1255.06  4367.83188  4367.83219   5.5  1  1
		 48   79  1314.47  4369.87636  4369.87594   5.5  1  1
		 48   79  1340.03  4370.75343  4370.75372   5.5  1  1
		 48   79  1356.82  4371.32903  4371.32988   5.5  1  1
		 48   79  1438.58  4374.12358  4374.12365   5.5  1  1
		 48   79  1492.37  4375.95427   4375.9546   5.5  1  1
		 48   79  1557.90  4378.17647  4378.17647   5.5  1  1
		 48   79  1601.98  4379.66626   4379.6672   5.5  1  1
		 48   79  1653.39  4381.39852  4381.40017   5.5  1  1
		 48   79  1667.11  4381.85988  4381.85994   5.5  1  1
		 48   79  1762.48  4385.05604  4385.05714   5.5  1  1
		 48   79  1944.73  4391.11034  4391.11032   5.5  1  1
		 48   79  2001.33   4392.9762  4392.97414   5.5  1  1
		 49   80    28.08  4269.94701  4269.94248   5.5  1  1
		 49   80    89.09  4272.16805  4272.16888   5.5  1  1
		 49   80   108.49  4272.87286  4272.87452   5.5  1  1
		 49   80   121.83  4273.35698  4273.35715   5.5  1  1
		 49   80   171.58  4275.16019  4275.16072   5.5  1  1
		 49   80   217.05  4276.80364  4276.80736   5.5  1  1
		 49   80   231.06  4277.30955  4277.31373   5.5  1  1
		 49   80   237.13   4277.5285  4277.52848   5.5  1  1
		 49   80   259.19  4278.32342  4278.32336   5.5  1  1
		 49   80   321.51  4280.56485  4280.56758   5.5  1  1
		 49   80   335.57  4281.06946  4281.06707   5.5  1  1
		 49   80   345.11  4281.41147  4281.41395   5.5  1  1
		 49   80   362.80  4282.04553  4282.04361   5.5  1  1
		 49   80   386.63  4282.89877  4282.89872   5.5  1  1
		 49   80   548.62  4288.66837  4288.66904   5.5  1  1
		 49   80   637.48  4291.81173  4291.80996   5.5  1  1
		 49   80   794.02  4297.31106  4297.30778   5.5  1  1
		 49   80   866.38  4299.83641  4299.83958   5.5  1  1
		 49   80   873.95  4300.10012   4300.1008   5.5  1  1
		 49   80   889.73  4300.64937  4300.64974   5.5  1  1
		 49   80  1013.95  4304.95444  4304.95619   5.5  1  1
		 49   80  1078.40  4307.17619  4307.17631   5.5  1  1
		 49   80  1105.89  4308.12117  4308.12225   5.5  1  1
		 49   80  1119.62  4308.59234  4308.59488   5.5  1  1
		 49   80  1138.47  4309.23903  4309.23879   5.5  1  1
		 49   80  1213.34  4311.79981  4311.79937   5.5  1  1
		 49   80  1248.32  4312.99258  4312.99285   5.5  1  1
		 49   80  1287.28   4314.3179  4314.31853   5.5  1  1
		 49   80  1314.88   4315.2548  4315.25435   5.5  1  1
		 49   80  1408.25  4318.41333  4318.41523   5.5  1  1
		 49   80  1459.16  4320.12755  4320.12636   5.5  1  1
		 49   80  1612.81  4325.26973  4325.27282   5.5  1  1
		 49   80  1722.63  4328.91506    4328.915   5.5  1  1
		 49   80  1781.08  4330.84518  4330.84369   5.5  1  1
		 49   80  1791.82  4331.19885   4331.1999   5.5  1  1
		 49   80  1817.04  4332.02889     4332.03   5.5  1  1
		 49   80  1863.65  4333.55928  4333.56094   5.5  1  1
		 49   80  1917.93  4335.33574  4335.33774   5.5  1  1
		 49   80  1971.12  4337.07046  4337.07093   5.5  1  1
		 49   80  1977.47   4337.2772  4337.27698   5.5  1  1
		 49   80  2003.36  4338.11906   4338.1077   5.5  1  0
		 50   81     4.89  4216.38046  4216.37326   5.5  1  0
		 50   81    34.00  4217.42955  4217.43185   5.5  1  1
		 50   81    68.32  4218.66407   4218.6652   5.5  1  1
		 50   81   107.56  4220.07313  4220.06882   5.5  1  1
		 50   81   179.20  4222.63792  4222.63812   5.5  1  1
		 50   81   301.33  4226.98763  4226.98784   5.5  1  1
		 50   81   312.59  4227.38718  4227.38689   5.5  1  1
		 50   81   334.36  4228.15912   4228.1582   5.5  1  1
		 50   81   362.28  4229.14785  4229.14752   5.5  1  1
		 50   81   382.70   4229.8699  4229.86954   5.5  1  1
		 50   81   398.45  4230.42648  4230.42614   5.5  1  1
		 50   81   541.65  4235.46342  4235.46357   5.5  1  1
		 50   81   591.85  4237.21997  4237.21991   5.5  1  1
		 50   81   902.68  4247.98586  4247.98844   5.5  1  1
		 50   81   914.50  4248.39143  4248.39049   5.5  1  1
		 50   81   970.69  4250.31598  4250.31664   5.5  1  1
		 50   81   984.10  4250.77427  4250.77613   5.5  1  1
		 50   81   996.11  4251.18468  4251.18518   5.5  1  1
		 50   81  1065.27  4253.54121  4253.53882   5.5  1  1
		 50   81  1115.27  4255.23905  4255.23699   5.5  1  1
		 50   81  1145.26    4256.255  4256.25389   5.5  1  1
		 50   81  1181.96  4257.49587  4257.49609   5.5  1  1
		 50   81  1193.90  4257.89891  4257.88808   5.5  1  0
		 50   81  1212.34  4258.52097  4258.52038   5.5  1  1
		 50   81  1237.30  4259.36179  4259.36182   5.5  1  1
		 50   81  1266.18  4260.33306  4260.33282   5.5  1  1
		 50   81  1444.27  4266.28525  4266.28641   5.5  1  1
		 50   81  1451.56  4266.52742  4266.52763   5.5  1  1
		 50   81  1554.75  4269.94524  4269.94248   5.5  1  1
		 50   81  1622.19  4272.16747  4272.16888   5.5  1  1
		 50   81  1643.68  4272.87332  4272.87452   5.5  1  1
		 50   81  1658.41  4273.35698  4273.35715   5.5  1  1
		 50   81  1713.46  4275.15954  4275.16072   5.5  1  1
		 50   81  1764.02  4276.80993  4276.80736   5.5  1  1
		 50   81  1779.51  4277.31452  4277.31373   5.5  1  1
		 50   81  1786.04  4277.52711  4277.52848   5.5  1  1
		 50   81  1810.46   4278.3211  4278.32336   5.5  1  1
		 50   81  1879.72  4280.56631  4280.56758   5.5  1  1
		 50   81  1895.32  4281.07073  4281.06707   5.5  1  1
		 50   81  1905.75  4281.40758  4281.41395   5.5  1  0
		 50   81  1925.54  4282.04631  4282.04361   5.5  1  1
		 50   81  1951.94   4282.8972  4282.89872   5.5  1  1
		 51   82    27.95   4165.7661  4165.76641   5.5  1  1
		 51   82   108.68  4168.63235  4168.63283   5.5  1  1
		 51   82   162.37   4170.5317  4170.53195   5.5  1  1
		 51   82   376.67  4178.05989  4178.05924   5.5  1  1
		 51   82   486.46  4181.88296  4181.88383   5.5  1  1
		 51   82   742.60  4190.71241    4190.713   5.5  1  1
		 51   82   751.85  4191.02889  4191.02972   5.5  1  1
		 51   82   790.84  4192.36112  4192.36171   5.5  1  1
		 51   82   810.08  4193.01737  4193.01636   5.5  1  1
		 51   82   866.50   4194.9378  4194.93574   5.5  1  1
		 51   82   966.21   4198.3166  4198.31668   5.5  1  1
		 51   82  1036.12  4200.67412  4200.67454   5.5  1  1
		 51   82  1267.53  4208.40819  4208.41051   5.5  1  1
		 51   82  1281.91  4208.88534  4208.88743   5.5  1  1
		 51   82  1343.66  4210.92931  4210.92313   5.5  1  0
		 51   82  1408.54  4213.06862  4213.06738   5.5  1  1
		 51   82  1462.19   4214.8314  4214.82838   5.5  1  1
		 51   82  1509.32  4216.37505  4216.37326   5.5  1  1
		 51   82  1541.61  4217.43038  4217.43185   5.5  1  1
		 51   82  1579.48  4218.66478   4218.6652   5.5  1  1
		 51   82  1622.65  4220.06904  4220.06882   5.5  1  1
		 51   82  1701.90   4222.6363  4222.63812   5.5  1  1
		 51   82  1837.09   4226.9868  4226.98784   5.5  1  1
		 51   82  1849.63  4227.38844  4227.38689   5.5  1  1
		 51   82  1873.66  4228.15731   4228.1582   5.5  1  1
		 51   82  1904.67  4229.14762  4229.14752   5.5  1  1
		 51   82  1927.30  4229.86904  4229.86954   5.5  1  1
		 51   82  1944.82  4230.42683  4230.42614   5.5  1  1
		 52   83    33.62  4115.75778  4115.75876   5.5  1  1
		 52   83    60.78  4116.71146   4116.7132   5.5  1  1
		 52   83   368.07  4127.40774  4127.41044   5.5  1  1
		 52   83   472.50  4131.00271  4131.01065   5.5  1  0
		 52   83   493.50  4131.72326  4131.72332   5.5  1  1
		 52   83   523.55   4132.7528  4132.75302   5.5  1  1
		 52   83   562.10   4134.0709  4134.07106   5.5  1  1
		 52   83   743.45  4140.23414  4140.23543   5.5  1  1
		 52   83   816.59  4142.70181  4142.70123   5.5  1  1
		 52   83   844.77  4143.65005  4143.64878   5.5  1  1
		 52   83   980.07  4148.18096  4148.18137   5.5  1  1
		 52   83  1177.28  4154.72127  4154.72045   5.5  1  1
		 52   83  1231.84  4156.51718  4156.51589   5.5  1  1
		 52   83  1295.03  4158.58971  4158.59044   5.5  1  1
		 52   83  1391.58  4161.74152  4161.73971   5.5  1  1
		 52   83  1415.06  4162.50526  4162.50844   5.5  1  1
		 52   83  1450.38  4163.65199  4163.64922   5.5  1  1
		 52   83  1466.64  4164.17917  4164.18033   5.5  1  1
		 52   83  1515.69  4165.76605  4165.76641   5.5  1  1
		 52   83  1605.22  4168.65005  4168.63283   5.5  1  0
		 52   83  1663.91  4170.53183  4170.53195   5.5  1  1
		 52   83  1900.85   4178.0586  4178.05924   5.5  1  1
		 52   83  2022.58  4181.88149  4181.88383   5.5  1  1
		 53   84    54.08  4067.45193  4067.45098   5.5  1  1
		 53   84   104.52  4069.19937  4069.20193   5.5  1  1
		 53   84   134.66  4070.24103  4070.23844   5.5  1  1
		 53   84   178.40   4071.7502  4071.74729   5.5  1  1
		 53   84   185.78  4072.00447  4072.00494   5.5  1  1
		 53   84   196.87  4072.38629  4072.38508   5.5  1  1
		 53   84   287.61   4075.5028  4075.50283   5.5  1  1
		 53   84   320.52  4076.62925  4076.62903   5.5  1  1
		 53   84   329.70  4076.94314  4076.94266   5.5  1  1
		 53   84   406.83  4079.57441  4079.57448   5.5  1  1
		 53   84   459.64  4081.36956  4081.36752   5.5  1  1
		 53   84   489.64  4082.38698  4082.38847   5.5  1  1
		 53   84   521.62  4083.46975  4083.46851   5.5  1  1
		 53   84   568.11   4085.0405  4085.04169   5.5  1  1
		 53   84   579.71  4085.43153  4085.43359   5.5  1  1
		 53   84   612.03  4086.52042  4086.52086   5.5  1  1
		 53   84   634.78  4087.28555  4087.28528   5.5  1  1
		 53   84   677.66  4088.72555  4088.72665   5.5  1  1
		 53   84   690.01  4089.13929  4089.13772   5.5  1  1
		 53   84   858.13  4094.74684  4094.74665   5.5  1  1
		 53   84   898.26   4096.0775  4096.07566   5.5  1  1
		 53   84   948.74  4097.74675  4097.74702   5.5  1  1
		 53   84   978.74  4098.73647  4098.73077   5.5  1  0
		 53   84   984.73  4098.93371  4098.93161   5.5  1  1
		 53   84  1027.50  4100.34156  4100.34139   5.5  1  1
		 53   84  1096.92  4102.61863  4102.61733   5.5  1  1
		 53   84  1136.27  4103.90527  4103.90823   5.5  1  1
		 53   84  1150.72  4104.37708  4104.38264   5.5  1  0
		 53   84  1197.84  4105.91251  4105.91154   5.5  1  1
		 53   84  1232.81  4107.04933  4107.05108   5.5  1  1
		 53   84  1257.85  4107.86157  4107.85865   5.5  1  1
		 53   84  1275.12   4108.4214  4108.41999   5.5  1  1
		 53   84  1303.04  4109.32504  4109.32385   5.5  1  1
		 53   84  1349.74  4110.83308  4110.83159   5.5  1  1
		 53   84  1409.54  4112.75774  4112.75454   5.5  1  1
		 53   84  1503.21  4115.75849  4115.75876   5.5  1  1
		 53   84  1533.16  4116.71444   4116.7132   5.5  1  1
		 53   84  1872.15  4127.40892  4127.41044   5.5  1  1
		 53   84  1987.69  4131.00151  4131.01065   5.5  1  0
		 53   84  2010.96  4131.72209  4131.72332   5.5  1  1
		 54   85    11.27  4018.11028  4018.10663   5.5  1  1
		 54   85    40.89  4019.12727  4019.12902   5.5  1  1
		 54   85   127.28  4022.08387  4022.07774   5.5  1  0
		 54   85   207.06  4024.80254  4024.80275   5.5  1  1
		 54   85   272.07  4027.00935  4027.00805   5.5  1  1
		 54   85   355.28  4029.82271  4029.82527   5.5  1  1
		 54   85   369.18  4030.29159  4030.29152   5.5  1  1
		 54   85   385.53  4030.84242  4030.84198   5.5  1  1
		 54   85   523.16  4035.46076  4035.46067   5.5  1  1
		 54   85   540.71  4036.04728  4036.04768   5.5  1  1
		 54   85   556.27  4036.56642  4036.56509   5.5  1  1
		 54   85   606.17   4038.2294  4038.23024   5.5  1  1
		 54   85   746.86  4042.89258  4042.89399   5.5  1  1
		 54   85   762.09  4043.39496  4043.39472   5.5  1  1
		 54   85   793.10  4044.41698  4044.41706   5.5  1  1
		 54   85   840.21  4045.96606  4045.95927   5.5  1  0
		 54   85   949.08  4049.53012  4049.52934   5.5  1  1
		 54   85   961.82  4049.94584  4049.94381   5.5  1  1
		 54   85   990.72  4050.88733  4050.88726   5.5  1  1
		 54   85  1053.30    4052.921  4052.92148   5.5  1  1
		 54   85  1072.07  4053.52935   4053.5277   5.5  1  1
		 54   85  1249.75  4059.25613  4059.25315   5.5  1  1
		 54   85  1379.72  4063.40641  4063.40734   5.5  1  1
		 54   85  1408.85   4064.3322  4064.33134   5.5  1  1
		 54   85  1507.38  4067.45155  4067.45098   5.5  1  1
		 54   85  1562.93  4069.20163  4069.20193   5.5  1  1
		 54   85  1596.00  4070.24077  4070.23844   5.5  1  1
		 54   85  1644.17  4071.75055  4071.74729   5.5  1  1
		 54   85  1652.27  4072.00396  4072.00494   5.5  1  1
		 54   85  1664.43  4072.38414  4072.38508   5.5  1  1
		 54   85  1764.54  4075.50301  4075.50283   5.5  1  1
		 54   85  1800.80  4076.62805  4076.62903   5.5  1  1
		 54   85  1810.90  4076.94088  4076.94266   5.5  1  1
		 54   85  1896.14  4079.57297  4079.57448   5.5  1  1
		 54   85  1954.59  4081.36979  4081.36752   5.5  1  1
		 54   85  1987.80  4082.38754  4082.38847   5.5  1  1
		 54   85  2023.17  4083.46926  4083.46851   5.5  1  1
		 55   86    34.49  3972.15477  3972.15111   5.5  1  1
		 55   86    48.79  3972.63963  3972.63889   5.5  1  1
		 55   86    65.30   3973.1988  3973.19662   5.5  1  1
		 55   86   103.07  3974.47652  3974.47744   5.5  1  1
		 55   86   247.99  3979.35542    3979.356   5.5  1  1
		 55   86   269.95  3980.09147  3980.08941   5.5  1  1
		 55   86   583.08  3990.49238  3990.49204   5.5  1  1
		 55   86   620.80  3991.73342  3991.73098   5.5  1  1
		 55   86   706.58   3994.5456  3994.54946   5.5  1  1
		 55   86   714.12  3994.79221  3994.79207   5.5  1  1
		 55   86   906.96  4001.06196    4001.058   5.5  1  1
		 55   86   932.69  4001.89323  4001.89316   5.5  1  1
		 55   86   976.62  4003.30979   4003.3094   5.5  1  1
		 55   86  1032.07   4005.0929  4005.09284   5.5  1  1
		 55   86  1092.30  4007.02262   4007.0214   5.5  1  1
		 55   86  1129.48  4008.21065  4008.21038   5.5  1  1
		 55   86  1155.62   4009.0445  4009.04934   5.5  1  1
		 55   86  1240.56  4011.74436  4011.74252   5.5  1  1
		 55   86  1264.28  4012.49575  4012.49519   5.5  1  1
		 55   86  1307.33  4013.85711  4013.85758   5.5  1  1
		 55   86  1334.53  4014.71534  4014.71703   5.5  1  1
		 55   86  1442.57  4018.11027  4018.10663   5.5  1  1
		 55   86  1475.13  4019.12917  4019.12902   5.5  1  1
		 55   86  1569.81  4022.07997  4022.07774   5.5  1  1
		 55   86  1657.69  4024.80346  4024.80275   5.5  1  1
		 55   86  1729.20   4027.0084  4027.00805   5.5  1  1
		 55   86  1821.09  4029.82728  4029.82527   5.5  1  1
		 55   86  1836.28  4030.29176  4030.29152   5.5  1  1
		 55   86  1854.28  4030.84128  4030.84198   5.5  1  1
		 55   86  1951.83  4033.80951      np.nan   5.5  1  1
		 55   86  2006.33  4035.45952  4035.46067   5.5  1  1
		 55   86  2025.82  4036.04824  4036.04768   5.5  1  1
		 55   86  2043.04  4036.56766  4036.56509   5.5  1  1
		 56   87    11.88  3925.71664  3925.71947   5.5  1  1
		 56   87    98.65   3928.6225  3928.62424   5.5  1  1
		 56   87   129.99  3929.66876  3929.66923   5.5  1  1
		 56   87   227.46  3932.91179  3932.91121   5.5  1  1
		 56   87   250.14  3933.66423  3933.66144   5.5  1  1
		 56   87   572.92  3944.27159  3944.26888   5.5  1  1
		 56   87   629.06  3946.09731  3946.10027   5.5  1  1
		 56   87   672.46  3947.50474  3947.50427   5.5  1  1
		 56   87   688.71  3948.03094  3948.03039   5.5  1  1
		 56   87   717.98  3948.97772  3948.97726   5.5  1  1
		 56   87   761.89  3950.39466  3950.39461   5.5  1  1
		 56   87   834.87  3952.74208   3952.7546   5.5  1  0
		 56   87   958.24  3956.68789  3956.68939   5.5  1  1
		 56   87  1040.41  3959.30043  3959.29976   5.5  1  1
		 56   87  1139.02  3962.41888  3962.41985   5.5  1  1
		 56   87  1297.48  3967.39226  3967.39246   5.5  1  1
		 56   87  1349.10  3969.00228   3969.0032   5.5  1  1
		 56   87  1450.68  3972.15539  3972.15111   5.5  1  1
		 56   87  1466.34  3972.63988  3972.63889   5.5  1  1
		 56   87  1484.41  3973.19811  3973.19662   5.5  1  1
		 56   87  1525.85  3974.47642  3974.47744   5.5  1  1
		 56   87  1685.00   3979.3543    3979.356   5.5  1  1
		 56   87  1709.11  3980.08921  3980.08941   5.5  1  1
		 57   88   188.52  3886.91642  3886.91636   5.5  1  1
		 57   88   343.09  3891.97795   3891.9795   5.5  1  1
		 57   88   448.95  3895.42007  3895.41889   5.5  1  1
		 57   88   542.45  3898.44438  3898.44045   5.5  1  1
		 57   88   618.14  3900.88094  3900.87941   5.5  1  1
		 57   88   687.43  3903.10247  3903.10183   5.5  1  1
		 57   88   965.02  3911.91605  3911.91417   5.5  1  1
		 57   88  1108.54  3916.41766   3916.4175   5.5  1  1
		 57   88  1192.07  3919.02025  3919.02226   5.5  1  1
		 57   88  1346.54  3923.79876  3923.80175   5.5  1  1
		 57   88  1388.67  3925.09421  3925.09364   5.5  1  1
		 57   88  1409.01  3925.71846  3925.71947   5.5  1  1
		 57   88  1503.97  3928.62306  3928.62424   5.5  1  1
		 57   88  1538.33  3929.66975  3929.66923   5.5  1  1
		 57   88  1645.25  3932.91239  3932.91121   5.5  1  1
		 57   88  1669.42   3933.6425  3933.66144   5.5  1  0
		 57   88  2025.59  3944.27155  3944.26888   5.5  1  1
		 58   89    24.86  3837.87466  3837.87551   5.5  1  1
		 58   89    80.47  3839.69527  3839.69598   5.5  1  1
		 58   89   114.19  3840.79652  3840.80021   5.5  1  1
		 58   89   149.96  3841.96294  3841.96102   5.5  1  1
		 58   89   255.88  3845.40351  3845.40428   5.5  1  1
		 58   89   416.38   3850.5807  3850.58136   5.5  1  1
		 58   89   464.88  3852.13642  3852.13598   5.5  1  1
		 58   89   718.80  3860.21407      np.nan   5.5  1  1
		 58   89   820.12  3863.40544    3863.409   5.5  1  1
		 58   89   942.24  3867.22747  3867.24425   5.5  1  0
		 58   89   984.00  3868.52833  3868.52835   5.5  1  1
		 58   89  1020.53  3869.66344   3869.6635   5.5  1  1
		 58   89  1118.96  3872.71039  3872.71423   5.5  1  1
		 58   89  1133.26  3873.15153  3873.14831   5.5  1  1
		 58   89  1143.67  3873.47266  3873.47211   5.5  1  1
		 58   89  1155.04  3873.82289  3873.82169   5.5  1  1
		 58   89  1168.70  3874.24355  3874.24485   5.5  1  1
		 58   89  1188.82  3874.86223  3874.86203   5.5  1  1
		 58   89  1345.08  3879.64293   3879.6435   5.5  1  1
		 58   89  1585.77  3886.91801  3886.91636   5.5  1  1
		 58   89  1755.33  3891.97788   3891.9795   5.5  1  1
		 58   89  1871.77   3895.4213  3895.41889   5.5  1  1
		 58   89  1974.60  3898.44088  3898.44045   5.5  1  1
		 59   90   114.70  3798.11032  3798.10282   5.5  1  0
		 59   90   269.53  3803.08687  3803.07444   5.5  1  0
		 59   90   441.83  3808.57731      np.nan   5.5  1  1
		 59   90   469.52  3809.45503  3809.45611   5.5  1  1
		 59   90   763.29  3818.68436   3818.6878   5.5  1  1
		 59   90   831.15  3820.79478  3820.80147   5.5  1  0
		 59   90   971.41  3825.13118  3825.12491   5.5  1  0
		 59   90  1025.95  3826.80774  3826.80854   5.5  1  1
		 59   90  1077.41  3828.38489  3828.38477   5.5  1  1
		 59   90  1155.68  3830.77432  3830.77388   5.5  1  1
		 59   90  1284.31  3834.67705  3834.67914   5.5  1  1
		 59   90  1347.38  3836.57963  3836.57938   5.5  1  1
		 59   90  1390.53  3837.87701  3837.87551   5.5  1  1
		 59   90  1451.23  3839.69638  3839.69598   5.5  1  1
		 59   90  1488.10  3840.79822  3840.80021   5.5  1  1
		 59   90  1526.56    3841.945  3841.96102   5.5  1  0
		 59   90  1643.16  3845.40447  3845.40428   5.5  1  1
		 59   90  1819.23  3850.58065  3850.58136   5.5  1  1
		 59   90  1872.39  3852.13218  3852.13598   5.5  1  1
		 60   91   181.40  3758.46949  3758.46779   5.5  1  1
		 60   91   301.15  3762.26617      np.nan   5.5  1  1
		 60   91   396.38   3765.2685  3765.26845   5.5  1  1
		 60   91   423.36  3766.11651  3766.11705   5.5  1  1
		 60   91   591.39  3771.36903  3771.37037   5.5  1  1
		 60   91   978.95  3783.29869   3783.2977   5.5  1  1
		 60   91  1054.74  3785.60065  3785.60968   5.5  1  0
		 60   91  1172.77  3789.16545  3789.16546   5.5  1  1
		 60   91  1227.02   3790.7953  3790.79348   5.5  1  1
		 60   91  1279.57  3792.36921  3792.37284   5.5  1  1
		 60   91  1641.94  3803.08521  3803.07444   5.5  1  0
		 60   91  1861.28  3809.45446  3809.45611   5.5  1  1
